1193154 27929.087162017822
1193142 19.636154174804688
1193121 6.247043609619141
1193077 7.55000114440918
1193075 16.80779457092285
1193070 1.6961097717285156
1193062 14.827966690063477
1193039 1.7781257629394531
1193039 0.7860660552978516
1193036 4.93311882019043
1193036 9.569883346557617
1193006 17.994165420532227
1193006 1.2421607971191406
1193000 3.0329227447509766
1192998 12.250900268554688
1192970 25.112152099609375
1192969 9.584903717041016
1192969 3.1228065490722656
1192969 14.23192024230957
1192959 24.803876876831055
1192959 1.9710063934326172
1192921 1.7349720001220703
1192921 9.943008422851562
1192921 0.5440711975097656
1192921 0.9698867797851562
1192842 8.183956146240234
1192808 16.46709442138672
1192808 25.491952896118164
1192802 3.946065902709961
1192802 4.7130584716796875
1192797 2.810955047607422
1192797 11.846065521240234
1192786 5.782842636108398
1192784 23.553848266601562
1192765 9.050846099853516
1192765 18.497943878173828
1192747 0.9860992431640625
1192725 6.868124008178711
1192725 2.8040409088134766
1192718 3.60107421875
1192687 23.273944854736328
1192658 17.513036727905273
1192637 22.343873977661133
1192582 26.968955993652344
1192582 14.299869537353516
1192543 39.40701484680176
1192537 20.949840545654297
1192497 14.307975769042969
1192490 14.97793197631836
1192490 15.846014022827148
1192473 12.840032577514648
1192473 3.248929977416992
1192473 28.652191162109375
1192453 0.7448196411132812
1192442 5.717992782592773
1192442 13.14091682434082
1192442 21.14415168762207
1192442 25.125980377197266
1192442 21.57115936279297
1192442 4.354953765869141
1192382 8.935928344726562
1192382 2.3169517517089844
1192382 6.925106048583984
1192364 12.348175048828125
1192364 16.885042190551758
1192358 4.647016525268555
1192314 16.469955444335938
1192314 3.8650035858154297
1192262 2.2361278533935547
1192262 3.410816192626953
1192237 30.237197875976562
1192237 17.818927764892578
1192228 1.4460086822509766
1192228 21.112918853759766
1192215 4.580020904541016
1192215 7.16400146484375
1192188 28.605937957763672
1192188 0.32210350036621094
1192188 20.869970321655273
1192188 8.769035339355469
1192181 8.214950561523438
1192181 5.084991455078125
1192167 1.5718936920166016
1192162 26.211977005004883
1192162 26.447057723999023
1192147 7.33494758605957
1192116 34.76691246032715
1192116 1.4758110046386719
1192116 1.7838478088378906
1192107 0.26798248291015625
1192107 0.9889602661132812
1192102 31.734943389892578
1192080 8.251190185546875
1192080 26.30019187927246
1192021 8.090972900390625
1192021 3.3888816833496094
1192021 6.421804428100586
1192003 11.837959289550781
1191987 8.419990539550781
1191986 9.421110153198242
1191986 20.561933517456055
1191980 8.452892303466797
1191930 13.605117797851562
1191907 19.17886734008789
1191880 15.928983688354492
1191871 12.434005737304688
1191842 15.012979507446289
1191839 24.116039276123047
1191839 4.247903823852539
1191839 21.450042724609375
1191814 16.60895347595215
1191810 7.097005844116211
1191806 5.857944488525391
1191798 13.334035873413086
1191791 7.140874862670898
1191791 1.1010169982910156
1191791 8.919000625610352
1191791 29.088973999023438
1191785 3.618001937866211
1191785 19.935131072998047
1191785 6.786108016967773
1191773 2.6819705963134766
1191773 7.673025131225586
1191755 14.473915100097656
1191736 3.7539005279541016
1191736 24.151086807250977
1191700 21.471023559570312
1191700 9.717941284179688
1191700 12.50600814819336
1191700 14.89400863647461
1191642 8.915901184082031
1191624 5.359172821044922
1191624 2.6509761810302734
1191624 3.2460689544677734
1191624 1.0919570922851562
1191624 1.5070438385009766
1191624 0.5090236663818359
1191623 23.782014846801758
1191623 7.958173751831055
1191563 1.0440349578857422
1191563 0.5750656127929688
1191563 4.020929336547852
1191563 16.947031021118164
1191545 26.046037673950195
1191545 10.50710678100586
1191532 21.869182586669922
1191503 5.556821823120117
1191477 10.315895080566406
1191463 5.269050598144531
1191395 10.65683364868164
1191395 2.1991729736328125
1191375 23.706912994384766
1191375 15.851020812988281
1191369 6.410837173461914
1191369 13.901948928833008
1191369 5.246877670288086
1191369 6.345033645629883
1191362 15.136957168579102
1191342 5.372047424316406
1191340 9.819984436035156
1191306 2.0990371704101562
1191299 5.872011184692383
1191299 4.551887512207031
1191297 26.631832122802734
1191297 6.459951400756836
1191211 11.412858963012695
1191135 8.35108757019043
1191115 5.011081695556641
1191055 5.748987197875977
1191046 16.09492301940918
1190973 14.559030532836914
1190973 3.4248828887939453
1190964 28.534889221191406
1190964 1.2140274047851562
1190956 12.293100357055664
1190956 4.81414794921875
1190944 10.485172271728516
1190934 1.5680789947509766
1190934 19.433021545410156
1190892 11.606931686401367
1190874 3.9119720458984375
1190874 0.4417896270751953
1190868 2.4971961975097656
1190868 7.168054580688477
1190822 13.22793960571289
1190801 12.325048446655273
1190801 8.476018905639648
1190801 18.744945526123047
1190801 1.2469291687011719
1190787 0.9729862213134766
1190787 9.433984756469727
1190787 18.911123275756836
1190733 19.105911254882812
1190703 18.631935119628906
1190703 5.0029754638671875
1190703 9.098052978515625
1190684 2.332925796508789
1190684 2.1920204162597656
1190684 2.605915069580078
1190627 3.2579898834228516
1190624 19.704103469848633
1190624 10.215044021606445
1190602 6.263017654418945
1190590 6.925106048583984
1190590 27.491092681884766
1190573 1.9960403442382812
1190573 10.413169860839844
1190563 10.711193084716797
1190563 7.623910903930664
1190551 3.098011016845703
1190528 1.2280941009521484
1190528 3.407001495361328
1190528 2.540111541748047
1190528 6.541967391967773
1190508 5.347013473510742
1190485 10.718107223510742
1190466 28.001070022583008
1190466 2.031087875366211
1190436 2.557039260864258
1190436 4.498958587646484
1190434 3.2320022583007812
1190396 6.556987762451172
1190396 2.187013626098633
1190396 5.515813827514648
1190366 0.5600452423095703
1190322 4.118919372558594
1190322 23.59914779663086
1190312 20.754098892211914
1190304 2.009868621826172
1190304 7.209062576293945
1190304 22.39704132080078
1190304 1.8820762634277344
1190304 32.943010330200195
1190290 10.854005813598633
1190290 17.466068267822266
1190290 13.523101806640625
1190228 1.8868446350097656
1190226 2.7980804443359375
1190226 9.391069412231445
1190226 20.149946212768555
1190226 11.541128158569336
1190223 14.868021011352539
1190222 8.31913948059082
1190222 15.07115364074707
1190217 15.027046203613281
1190167 6.254911422729492
1190163 0.3559589385986328
1190124 8.488178253173828
1190083 23.854970932006836
1190053 1.249074935913086
1190048 8.296012878417969
1189977 9.309053421020508
1189961 3.6389827728271484
1189961 7.521152496337891
1189961 13.612031936645508
1189900 3.9260387420654297
1189826 4.303932189941406
1189802 28.682947158813477
1189787 16.27492904663086
1189735 4.586935043334961
1189735 1.0950565338134766
1189720 13.438940048217773
1189720 9.212970733642578
1189718 14.446020126342773
1189713 0.5390644073486328
1189705 5.216121673583984
1189657 3.2100677490234375
1189648 10.972023010253906
1189616 29.053926467895508
1189616 10.40792465209961
1189616 5.418062210083008
1189589 1.0428428649902344
1189589 6.101846694946289
1189583 9.305953979492188
1189583 5.939960479736328
1189583 11.201143264770508
1189532 17.88806915283203
1189508 10.882139205932617
1189508 19.392013549804688
1189507 2.969980239868164
1189507 30.74789047241211
1189487 17.510175704956055
1189474 18.92709732055664
1189474 4.734992980957031
1189473 1.1589527130126953
1189473 3.8518905639648438
1189448 10.370016098022461
1189427 23.267030715942383
1189401 21.36993408203125
1189396 28.202056884765625
1189380 27.18210220336914
1189368 24.227142333984375
1189368 10.441064834594727
1189368 11.265039443969727
1189331 7.34400749206543
1189331 6.675004959106445
1189323 1.6238689422607422
1189323 10.864973068237305
1189300 4.005908966064453
1189300 10.734081268310547
1189300 10.927915573120117
1189292 0.3609657287597656
1189292 12.386083602905273
1189280 12.369155883789062
1189280 6.289005279541016
1189277 27.38499641418457
1189277 25.35700798034668
1189244 9.41014289855957
1189244 2.357006072998047
1189244 10.748147964477539
1189202 2.5429725646972656
1189184 0.4382133483886719
1189184 5.185842514038086
1189163 3.6668777465820312
1189105 7.133007049560547
1189105 8.013010025024414
1189016 10.270833969116211
1188985 19.78278160095215
1188925 5.609035491943359
1188925 15.52581787109375
1188925 19.287109375
1188920 5.341053009033203
1188899 4.046916961669922
1188888 10.539054870605469
1188876 4.992961883544922
1188876 22.224903106689453
1188868 9.54890251159668
1188868 20.173072814941406
1188868 17.103910446166992
1188868 4.657983779907227
1188849 6.717920303344727
1188849 10.881185531616211
1188827 0.38695335388183594
1188772 8.275985717773438
1188756 14.699935913085938
1188731 10.28299331665039
1188731 4.082918167114258
1188731 10.9710693359375
1188726 4.866838455200195
1188726 2.0499229431152344
1188699 2.8259754180908203
1188699 12.158870697021484
1188699 6.536006927490234
1188699 13.30709457397461
1188699 2.0160675048828125
1188659 8.488178253173828
1188603 20.133018493652344
1188591 4.99415397644043
1188591 2.0830631256103516
1188591 4.556894302368164
1188591 3.8979053497314453
1188552 2.9718875885009766
1188546 10.643959045410156
1188546 11.184930801391602
1188546 12.306928634643555
1188533 10.189056396484375
1188502 12.248992919921875
1188462 3.5829544067382812
1188444 2.007007598876953
1188423 8.919954299926758
1188423 9.723186492919922
1188423 6.88481330871582
1188400 2.5370121002197266
1188400 0.9818077087402344
1188376 2.7489662170410156
1188335 4.412174224853516
1188335 9.935855865478516
1188335 0.17118453979492188
1188305 14.740943908691406
1188305 1.0080337524414062
1188305 12.068986892700195
1188305 10.390996932983398
1188239 3.2520294189453125
1188239 5.269050598144531
1188239 0.9219646453857422
1188239 3.1380653381347656
1188239 16.685962677001953
1188230 8.285999298095703
1188230 23.246049880981445
1188230 3.977060317993164
1188230 10.113954544067383
1188230 6.7691802978515625
1188204 5.663871765136719
1188204 1.8749237060546875
1188204 1.5728473663330078
1188179 12.63284683227539
1188149 4.374980926513672
1188129 5.192041397094727
1188079 13.303995132446289
1188079 1.6930103302001953
1188046 5.527019500732422
1188021 4.884004592895508
1187983 13.265132904052734
1187963 11.768817901611328
1187963 11.358976364135742
1187963 3.7508010864257812
1187949 21.962881088256836
1187911 14.024972915649414
1187911 24.618148803710938
1187911 16.52693748474121
1187895 0.9241104125976562
1187894 16.247987747192383
1187887 1.1119842529296875
1187887 6.2580108642578125
1187887 7.956027984619141
1187871 20.840883255004883
1187836 2.9549598693847656
1187827 3.7469863891601562
1187827 10.187864303588867
1187824 3.4961700439453125
1187817 17.599105834960938
1187788 9.963035583496094
1187776 12.315988540649414
1187776 21.69013023376465
1187736 7.185935974121094
1187730 16.054153442382812
1187730 15.759944915771484
1187730 23.916006088256836
1187715 2.7740001678466797
1187712 0.6320476531982422
1187712 22.201061248779297
1187712 13.981103897094727
1187712 6.9980621337890625
1187712 6.983041763305664
1187700 2.420186996459961
1187700 13.665199279785156
1187684 13.29183578491211
1187664 4.221916198730469
1187664 2.1560192108154297
1187664 5.240917205810547
1187658 4.717111587524414
1187652 13.005971908569336
1187652 0.36787986755371094
1187618 11.625051498413086
1187618 12.087106704711914
1187618 2.1309852600097656
1187618 27.498960494995117
1187594 2.468109130859375
1187582 10.76507568359375
1187542 1.432180404663086
1187532 0.23508071899414062
1187523 12.403011322021484
1187523 3.8118362426757812
1187523 7.640838623046875
1187439 4.700899124145508
1187439 15.748977661132812
1187439 7.112026214599609
1187419 22.603988647460938
1187419 11.321067810058594
1187349 8.585929870605469
1187349 12.807846069335938
1187335 5.068063735961914
1187335 0.6048679351806641
1187335 3.3550262451171875
1187311 7.98487663269043
1187311 14.428138732910156
1187300 1.2729167938232422
1187293 5.697011947631836
1187233 2.7649402618408203
1187233 4.640102386474609
1187205 13.51308822631836
1187186 12.772083282470703
1187186 14.76287841796875
1187186 2.521991729736328
1187163 17.508983612060547
1187163 12.797832489013672
1187148 0.6041526794433594
1187104 10.371923446655273
1187104 8.734941482543945
1187010 3.648996353149414
1187001 1.3949871063232422
1187001 8.38017463684082
1187001 27.662992477416992
1187001 8.60285758972168
1186973 24.656057357788086
1186973 15.559911727905273
1186973 3.27301025390625
1186964 30.1971435546875
1186956 16.571044921875
1186956 8.851051330566406
1186956 32.679080963134766
1186925 24.3990421295166
1186925 9.70911979675293
1186906 2.3000240325927734
1186829 2.6099681854248047
1186829 1.1839866638183594
1186829 4.274129867553711
1186829 9.315013885498047
1186818 0.7069110870361328
1186805 9.428024291992188
1186770 6.16908073425293
1186770 1.0721683502197266
1186761 22.502899169921875
1186746 0.4429817199707031
1186746 22.372961044311523
1186746 1.8949508666992188
1186746 12.324810028076172
1186712 6.704092025756836
1186712 17.812013626098633
1186657 12.013912200927734
1186657 5.223989486694336
1186657 8.610963821411133
1186657 11.873960494995117
1186656 11.276960372924805
1186622 12.118101119995117
1186622 7.258892059326172
1186622 18.331050872802734
1186622 20.917177200317383
1186589 2.22015380859375
1186575 4.475116729736328
1186575 9.08803939819336
1186575 5.2337646484375
1186569 21.92401885986328
1186568 24.921894073486328
1186559 1.291036605834961
1186527 6.40416145324707
1186503 8.463144302368164
1186503 20.804166793823242
1186503 10.248899459838867
1186495 11.282205581665039
1186495 28.450965881347656
1186491 20.32303810119629
1186476 0.11205673217773438
1186476 4.807949066162109
1186476 0.4341602325439453
1186430 28.81789207458496
1186430 17.57502555847168
1186380 5.435943603515625
1186343 3.367900848388672
1186343 5.963802337646484
1186343 9.17196273803711
1186343 10.229110717773438
1186331 9.325027465820312
1186331 2.601146697998047
1186331 8.086919784545898
1186308 9.205102920532227
1186308 4.956960678100586
1186281 12.933015823364258
1186281 6.403923034667969
1186273 21.61097526550293
1186229 4.861116409301758
1186162 1.7549991607666016
1186162 22.84979820251465
1186140 1.3821125030517578
1186140 12.779951095581055
1186140 14.549970626831055
1186140 8.722066879272461
1186138 31.545162200927734
1186049 7.812023162841797
1186049 18.713951110839844
1186049 1.5900135040283203
1186049 15.154838562011719
1185996 30.98011016845703
1185996 14.474868774414062
1185996 1.3251304626464844
1185989 8.687019348144531
1185989 21.06499671936035
1185989 18.402099609375
1185989 23.225069046020508
1185989 7.497072219848633
1185989 21.23403549194336
1185989 1.9299983978271484
1185957 19.322872161865234
1185957 9.711027145385742
1185957 18.07403564453125
1185917 30.45201301574707
1185917 6.736993789672852
1185873 5.032062530517578
1185865 11.945009231567383
1185856 17.59195327758789
1185807 7.389068603515625
1185754 13.843059539794922
1185747 1.1420249938964844
1185686 16.192913055419922
1185655 15.707015991210938
1185592 10.838031768798828
1185592 5.438804626464844
1185582 17.477035522460938
1185563 19.643068313598633
1185563 2.629995346069336
1185563 11.328935623168945
1185560 2.463102340698242
1185539 2.768993377685547
1185539 10.053157806396484
1185506 21.18206024169922
1185506 14.096975326538086
1185506 9.212970733642578
1185473 2.4290084838867188
1185473 3.017902374267578
1185464 9.032011032104492
1185455 12.969970703125
1185449 10.556936264038086
1185449 13.593912124633789
1185431 17.219066619873047
1185409 2.3140907287597656
1185390 15.22684097290039
1185390 3.2761096954345703
1185386 6.004095077514648
1185386 26.406049728393555
1185380 10.767936706542969
1185380 6.006002426147461
1185380 16.16191864013672
1185380 8.761882781982422
1185357 2.4030208587646484
1185302 3.3469200134277344
1185273 5.764961242675781
1185273 12.187004089355469
1185271 8.40902328491211
1185245 23.57006072998047
1185237 13.43083381652832
1185237 5.23686408996582
1185237 4.762887954711914
1185237 5.0029754638671875
1185237 5.028009414672852
1185237 11.662006378173828
1185237 12.315034866333008
1185179 16.16692543029785
1185142 20.79010009765625
1185131 4.736900329589844
1185127 12.125015258789062
1185124 1.425027847290039
1185124 15.098094940185547
1185117 8.46099853515625
1185096 3.614187240600586
1185096 7.6389312744140625
1185096 16.60299301147461
1185096 6.067037582397461
1185023 14.99485969543457
1185011 1.9168853759765625
1185011 3.2567977905273438
1185011 13.452768325805664
1184956 2.292156219482422
1184956 2.112865447998047
1184956 9.364843368530273
1184942 24.712085723876953
1184942 9.139060974121094
1184942 10.20503044128418
1184937 11.34490966796875
1184935 7.557868957519531
1184935 1.2660026550292969
1184935 3.4210681915283203
1184903 7.037162780761719
1184889 10.087966918945312
1184889 17.247915267944336
1184881 2.4068355560302734
1184881 11.583805084228516
1184874 18.157005310058594
1184860 19.73414421081543
1184860 16.56198501586914
1184860 0.7510185241699219
1184818 8.697986602783203
1184818 9.629011154174805
1184818 3.631114959716797
1184813 8.807182312011719
1184813 5.485057830810547
1184813 3.4520626068115234
1184813 9.425163269042969
1184757 26.27396583557129
1184698 20.747900009155273
1184673 8.160114288330078
1184673 3.144979476928711
1184636 17.269134521484375
1184604 13.665914535522461
1184604 2.991199493408203
1184596 1.6031265258789062
1184566 7.974863052368164
1184554 5.517005920410156
1184522 0.28514862060546875
1184514 4.169940948486328
1184514 1.9550323486328125
1184503 8.28409194946289
1184448 21.835803985595703
1184448 7.8639984130859375
1184448 16.9069766998291
1184448 12.8021240234375
1184448 7.388114929199219
1184448 3.529071807861328
1184431 11.846065521240234
1184419 14.791011810302734
1184406 0.5810260772705078
1184381 25.454044342041016
1184381 14.721870422363281
1184366 2.0151138305664062
1184359 20.527124404907227
1184349 1.2881755828857422
1184349 14.47606086730957
1184337 10.725975036621094
1184331 13.110160827636719
1184331 10.726213455200195
1184290 12.314796447753906
1184290 0.26798248291015625
1184274 6.3381195068359375
1184274 4.195928573608398
1184260 23.045063018798828
1184260 1.40380859375
1184225 18.18704605102539
1184221 2.1789073944091797
1184194 4.986047744750977
1184145 13.754844665527344
1184107 13.598203659057617
1184107 21.438121795654297
1184102 8.725881576538086
1184082 0.1480579376220703
1184082 19.1957950592041
1184077 4.947900772094727
1184077 8.99815559387207
1184077 28.22589874267578
1184077 29.520034790039062
1184077 5.6819915771484375
1184077 0.5300045013427734
1184029 21.692991256713867
1184000 9.227991104125977
1183991 3.6699771881103516
1183953 2.3729801177978516
1183953 2.2749900817871094
1183953 8.941888809204102
1183953 11.28697395324707
1183939 8.01396369934082
1183933 31.18300437927246
1183912 17.292022705078125
1183886 9.801864624023438
1183886 10.845184326171875
1183886 8.620977401733398
1183886 6.554126739501953
1183886 5.832910537719727
1183886 8.472204208374023
1183886 4.626989364624023
1183886 14.406919479370117
1183848 10.113000869750977
1183848 6.844043731689453
1183848 1.1279582977294922
1183848 7.839202880859375
1183832 12.840986251831055
1183812 0.9009838104248047
1183812 3.654956817626953
1183804 24.194955825805664
1183804 13.689994812011719
1183800 0.30303001403808594
1183800 2.0749568939208984
1183800 6.833076477050781
1183800 7.387876510620117
1183800 0.331878662109375
1183800 13.899087905883789
1183792 3.2341480255126953
1183792 20.698070526123047
1183791 0.8931159973144531
1183791 19.613981246948242
1183748 5.410909652709961
1183748 17.174959182739258
1183748 7.404088973999023
1183744 2.151012420654297
1183744 30.926942825317383
1183744 24.877071380615234
1183744 10.195016860961914
1183744 14.673948287963867
1183744 22.044897079467773
1183744 20.3859806060791
1183739 17.23790168762207
1183731 4.049062728881836
1183731 16.34812355041504
1183720 10.463953018188477
1183702 2.694845199584961
1183702 3.5719871520996094
1183702 6.137847900390625
1183662 23.025035858154297
1183647 2.0020008087158203
1183647 4.349231719970703
1183621 4.015922546386719
1183603 1.8329620361328125
1183599 2.8619766235351562
1183599 8.45789909362793
1183587 7.75599479675293
1183524 18.207788467407227
1183524 8.079051971435547
1183524 2.1059513092041016
1183524 6.15692138671875
1183524 22.156953811645508
1183524 24.85799789428711
1183524 2.0351409912109375
1183524 5.777120590209961
1183524 23.76103401184082
1183524 2.827167510986328
1183524 30.559062957763672
1183524 31.91089630126953
1183472 23.952007293701172
1183472 2.9511451721191406
1183472 17.461061477661133
1183472 3.9589405059814453
1183440 6.079912185668945
1183440 5.542993545532227
1183440 25.20012855529785
1183426 4.326105117797852
1183426 21.003007888793945
1183426 1.1548995971679688
1183426 20.787954330444336
1183426 21.10600471496582
1183426 26.97587013244629
1183426 2.0079612731933594
1183400 3.0791759490966797
1183397 1.9230842590332031
1183397 8.432149887084961
1183321 3.2889842987060547
1183321 22.964954376220703
1183310 24.806976318359375
1183277 5.77998161315918
1183277 14.209985733032227
1183270 13.920068740844727
1183259 16.431093215942383
1183259 7.938861846923828
1183227 10.069847106933594
1183153 13.628959655761719
1183108 8.219003677368164
1183108 27.726173400878906
1183108 2.0079612731933594
1183108 7.325172424316406
1183044 10.020971298217773
1183039 24.584054946899414
1183024 14.735937118530273
1183024 11.400938034057617
1183018 24.029016494750977
1183018 10.176897048950195
1183010 1.1098384857177734
1182979 7.210969924926758
1182954 17.041921615600586
1182954 9.115934371948242
1182916 1.9268989562988281
1182916 0.8928775787353516
1182904 8.882999420166016
1182904 12.38107681274414
1182904 15.377998352050781
1182904 0.32901763916015625
1182904 20.986080169677734
1182904 12.549877166748047
1182902 1.4109611511230469
1182891 7.438182830810547
1182880 3.0279159545898438
1182880 0.6449222564697266
1182880 24.318933486938477
1182879 0.4889965057373047
1182840 2.9261112213134766
1182840 3.9899349212646484
1182818 11.492013931274414
1182818 5.822896957397461
1182805 5.095005035400391
1182775 14.389991760253906
1182775 18.642902374267578
1182775 15.938997268676758
1182735 12.235164642333984
1182710 13.798952102661133
1182710 17.541170120239258
1182710 11.229991912841797
1182710 2.933025360107422
1182710 29.887914657592773
1182708 8.384943008422852
1182708 10.438203811645508
1182686 9.374141693115234
1182686 4.882097244262695
1182686 24.15013313293457
1182675 8.239030838012695
1182675 20.581960678100586
1182590 0.3809928894042969
1182556 1.4789104461669922
1182540 22.719144821166992
1182518 12.402772903442383
1182518 10.92386245727539
1182463 1.6188621520996094
1182453 2.315044403076172
1182417 22.019147872924805
1182417 22.478818893432617
1182395 24.48296546936035
1182395 10.447978973388672
1182395 9.52291488647461
1182341 3.4301280975341797
1182341 5.5999755859375
1182325 1.5261173248291016
1182325 15.251874923706055
1182289 3.4079551696777344
1182270 18.867969512939453
1182270 26.25107765197754
1182212 10.062932968139648
1182138 10.143041610717773
1182122 14.801979064941406
1182093 7.057905197143555
1182093 0.9369850158691406
1182093 4.295110702514648
1182093 9.788990020751953
1182093 3.309011459350586
1182031 24.274110794067383
1182031 0.5459785461425781
1182031 1.8200874328613281
1182022 26.71194076538086
1182008 1.5959739685058594
1181942 12.0849609375
1181918 19.20795440673828
1181918 6.098031997680664
1181918 26.731014251708984
1181892 9.41014289855957
1181872 0.1380443572998047
1181830 8.080005645751953
1181805 19.41394805908203
1181805 1.428842544555664
1181758 0.6620883941650391
1181747 18.89514923095703
1181732 13.991117477416992
1181732 16.33596420288086
1181718 3.710031509399414
1181706 0.247955322265625
1181706 1.5230178833007812
1181685 20.50185203552246
1181685 6.953001022338867
1181685 16.2661075592041
1181666 7.524967193603516
1181666 15.474081039428711
1181666 6.289958953857422
1181656 8.322954177856445
1181620 14.56594467163086
1181620 7.714986801147461
1181609 13.342142105102539
1181609 0.9338855743408203
1181578 3.5600662231445312
1181550 1.4591217041015625
1181495 8.872032165527344
1181492 15.407085418701172
1181492 9.647130966186523
1181492 3.086090087890625
1181488 1.0409355163574219
1181488 2.719879150390625
1181488 3.064870834350586
1181488 1.44195556640625
1181467 8.605003356933594
1181443 4.401922225952148
1181425 19.05083656311035
1181422 2.3751258850097656
1181422 17.034053802490234
1181422 14.991044998168945
1181412 28.898000717163086
1181408 7.636070251464844
1181408 13.254880905151367
1181408 5.806922912597656
1181408 21.813154220581055
1181408 2.1920204162597656
1181405 11.99793815612793
1181334 15.325069427490234
1181334 2.6209354400634766
1181334 1.7180442810058594
1181334 9.62209701538086
1181331 7.96198844909668
1181331 5.6629180908203125
1181331 12.655019760131836
1181288 14.077901840209961
1181288 15.192031860351562
1181270 10.102987289428711
1181259 18.4478759765625
1181259 6.789922714233398
1181247 21.065950393676758
1181247 24.19281005859375
1181239 22.08113670349121
1181205 1.4560222625732422
1181205 0.5688667297363281
1181205 5.526065826416016
1181171 18.289804458618164
1181168 6.247043609619141
1181151 0.43892860412597656
1181151 6.759166717529297
1181151 2.8030872344970703
1181109 21.320104598999023
1181109 7.648944854736328
1181088 1.1658668518066406
1181087 4.664182662963867
1181087 18.264055252075195
1181087 1.3289451599121094
1181049 3.726959228515625
1181049 1.7418861389160156
1181049 0.8261203765869141
1181032 6.74891471862793
1181016 1.920938491821289
1180953 5.000114440917969
1180947 4.129171371459961
1180937 3.1130313873291016
1180908 26.53193473815918
1180883 4.216909408569336
1180850 2.4080276489257812
1180832 12.809991836547852
1180829 15.36703109741211
1180783 16.243934631347656
1180783 1.9600391387939453
1180758 8.424997329711914
1180711 6.437063217163086
1180705 2.2470951080322266
1180705 14.763116836547852
1180676 3.8671493530273438
1180660 2.7561187744140625
1180660 14.264106750488281
1180660 15.101194381713867
1180660 3.9620399475097656
1180660 27.516841888427734
1180660 1.0361671447753906
1180639 0.7698535919189453
1180639 1.1379718780517578
1180639 1.8470287322998047
1180594 10.89620590209961
10277.753591537476