8843 13.154029846191406
8843 0.21409988403320312
8816 0.32401084899902344
8816 0.31876564025878906
8809 0.06103515625
8805 0.1628398895263672
8738 0.3819465637207031
8716 0.15878677368164062
8716 0.14710426330566406
8706 0.125885009765625
8706 0.19812583923339844
8685 0.11181831359863281
8685 0.16999244689941406
8640 0.10609626770019531
8625 0.07987022399902344
8611 0.20003318786621094
8611 0.36716461181640625
8603 0.1659393310546875
8603 0.22292137145996094
8598 0.19693374633789062
8598 0.2028942108154297
8598 0.26416778564453125
8598 0.13303756713867188
8537 0.22792816162109375
8537 0.3650188446044922
8497 0.10585784912109375
8490 0.08511543273925781
8490 0.2448558807373047
8442 0.19407272338867188
8442 0.1430511474609375
8420 0.11610984802246094
8420 0.03504753112792969
8420 0.17213821411132812
8417 0.13303756713867188
8412 0.3719329833984375
8406 0.22792816162109375
8391 0.09512901306152344
8373 0.011920928955078125
8373 0.38909912109375
8365 0.2548694610595703
8328 0.3209114074707031
8323 0.28896331787109375
8267 0.20194053649902344
8253 0.22602081298828125
8253 0.37789344787597656
8253 0.7309913635253906
8253 0.2110004425048828
8233 0.2617835998535156
8220 0.20885467529296875
8220 0.20694732666015625
8220 0.11801719665527344
8220 0.15306472778320312
8219 0.15211105346679688
8209 0.14901161193847656
8160 0.15592575073242188
8160 0.05602836608886719
8160 0.09608268737792969
8159 0.4608631134033203
8159 0.2570152282714844
8159 0.2799034118652344
8159 0.07486343383789062
8159 0.3991127014160156
8159 0.2288818359375
8130 0.32210350036621094
8115 0.15687942504882812
8114 0.10013580322265625
8108 0.3681182861328125
8108 0.20885467529296875
8108 0.3039836883544922
8108 0.18215179443359375
8086 0.09918212890625
8086 0.19311904907226562
8086 0.2040863037109375
8086 0.2880096435546875
8085 0.11491775512695312
8085 0.14400482177734375
8073 0.19407272338867188
8073 0.17499923706054688
8073 0.18596649169921875
8055 0.37097930908203125
8038 0.3609657287597656
8038 0.1380443572998047
8018 0.09489059448242188
8018 0.22983551025390625
8018 0.16498565673828125
7995 0.10991096496582031
7957 0.47206878662109375
7957 0.19979476928710938
7957 0.1430511474609375
7911 0.392913818359375
7905 0.3809928894042969
7904 0.1499652862548828
7904 0.24700164794921875
7903 0.24008750915527344
7903 0.21409988403320312
7903 0.2770423889160156
7903 0.3719329833984375
7895 0.7619857788085938
7895 0.5900859832763672
7895 0.6339550018310547
7895 0.6151199340820312
7875 0.5018711090087891
7867 0.21314620971679688
7867 0.10800361633300781
7867 0.5140304565429688
7815 0.12278556823730469
7811 0.17499923706054688
7770 0.2579689025878906
7770 0.15497207641601562
7770 0.12612342834472656
7761 0.5559921264648438
7753 0.41604042053222656
7745 0.3631114959716797
7745 0.09202957153320312
7700 0.3020763397216797
7672 0.4429817199707031
7672 0.4658699035644531
7672 0.1049041748046875
7672 0.34308433532714844
7672 0.19216537475585938
7672 0.3409385681152344
7672 0.05984306335449219
7672 0.38313865661621094
7672 0.186920166015625
7672 0.3521442413330078
7672 0.2079010009765625
7657 0.3151893615722656
7651 0.33593177795410156
7651 0.06008148193359375
7644 0.38313865661621094
7628 0.6380081176757812
7605 0.28514862060546875
7605 0.049114227294921875
7596 0.164031982421875
7591 0.3399848937988281
7584 0.28014183044433594
7584 0.21195411682128906
7573 0.06389617919921875
7573 0.6489753723144531
7520 0.4410743713378906
7520 0.3859996795654297
7520 0.43082237243652344
7520 0.5199909210205078
7520 0.33092498779296875
7515 0.15115737915039062
7515 0.22101402282714844
7515 0.34689903259277344
7515 0.3380775451660156
7452 0.1571178436279297
7452 0.26702880859375
7416 0.5159378051757812
7396 0.14710426330566406
7396 0.24700164794921875
7396 0.30517578125
7396 0.1609325408935547
7347 0.4329681396484375
7342 0.12087821960449219
7333 0.48804283142089844
7329 0.3039836883544922
7326 0.164031982421875
7320 0.23603439331054688
7267 0.2639293670654297
7267 0.43487548828125
7263 0.1888275146484375
7263 0.26297569274902344
7263 0.14400482177734375
7253 0.31495094299316406
7253 0.6210803985595703
7252 0.1590251922607422
7252 0.5259513854980469
7252 0.47588348388671875
7251 0.26798248291015625
7251 0.2942085266113281
7251 0.4901885986328125
7251 0.1850128173828125
7251 0.20503997802734375
7251 0.11515617370605469
7250 0.19502639770507812
7250 0.1480579376220703
7245 0.09799003601074219
7242 0.31495094299316406
7242 0.42510032653808594
7227 0.35190582275390625
7227 0.22292137145996094
7218 0.2770423889160156
7218 0.11301040649414062
7218 0.1590251922607422
7218 0.39696693420410156
7217 0.29206275939941406
7183 0.48613548278808594
7183 0.4508495330810547
7183 0.48279762268066406
7183 0.17404556274414062
7170 0.18596649169921875
7170 0.46706199645996094
7161 0.07796287536621094
7136 0.34809112548828125
7119 0.40602684020996094
7104 0.13899803161621094
7103 0.17881393432617188
7103 0.3249645233154297
7103 0.23818016052246094
7098 0.06890296936035156
7087 0.4010200500488281
7087 0.050067901611328125
7067 0.21910667419433594
7067 0.1900196075439453
7041 0.2579689025878906
7041 0.09083747863769531
7030 0.20194053649902344
7030 0.2942085266113281
7030 0.19812583923339844
7030 0.3509521484375
7030 0.11396408081054688
7030 0.2620220184326172
7030 0.3390312194824219
6993 0.29015541076660156
6993 0.010013580322265625
6993 0.1239776611328125
6993 0.32210350036621094
6987 0.2579689025878906
6959 0.1430511474609375
6959 0.25391578674316406
6959 0.19693374633789062
6929 0.39005279541015625
6926 0.054836273193359375
6896 0.286102294921875
6877 0.03886222839355469
6843 0.1239776611328125
6843 0.09083747863769531
6843 0.09298324584960938
6843 0.20599365234375
6843 0.16689300537109375
6820 0.29087066650390625
6820 0.31495094299316406
6820 0.14901161193847656
6814 0.1239776611328125
6811 0.14781951904296875
6811 0.2980232238769531
6811 0.12493133544921875
6811 0.31185150146484375
6799 0.13113021850585938
6769 0.3631114959716797
6769 0.21004676818847656
6769 0.1819133758544922
6724 0.19502639770507812
6724 0.3590583801269531
6707 0.06508827209472656
6687 0.19216537475585938
6644 0.23412704467773438
6640 0.06985664367675781
6640 0.11992454528808594
6633 0.34499168395996094
6629 0.3190040588378906
6620 0.3230571746826172
6615 0.10013580322265625
6615 0.07295608520507812
6592 0.28705596923828125
6591 0.26297569274902344
6591 0.2319812774658203
6582 0.22721290588378906
6573 0.16617774963378906
6573 0.3001689910888672
6573 0.029087066650390625
6564 0.14781951904296875
6558 0.11897087097167969
6558 0.3190040588378906
6532 0.20003318786621094
6509 0.19502639770507812
6509 0.37097930908203125
6509 0.3440380096435547
6509 0.3261566162109375
6509 0.19407272338867188
6503 0.2079010009765625
6486 0.20503997802734375
6486 0.1537799835205078
6424 0.09322166442871094
6401 0.347137451171875
6401 0.08082389831542969
6376 0.2570152282714844
6376 0.19502639770507812
6376 0.26917457580566406
6376 0.03600120544433594
6376 0.19693374633789062
6376 0.2899169921875
6376 0.07891654968261719
6361 0.13685226440429688
6349 0.1659393310546875
6349 0.21791458129882812
6349 0.1308917999267578
6349 0.25010108947753906
6299 0.31113624572753906
6299 0.1919269561767578
6299 0.33402442932128906
6291 0.21505355834960938
6291 0.19788742065429688
6279 0.15401840209960938
6279 0.1609325408935547
6248 0.2779960632324219
6248 0.30493736267089844
6248 0.1308917999267578
6248 0.16808509826660156
6248 0.18596649169921875
6220 0.24008750915527344
6220 0.10609626770019531
6220 0.26679039001464844
6219 0.12993812561035156
6199 0.07295608520507812
6199 0.2579689025878906
6199 0.21386146545410156
6199 0.26702880859375
6196 0.20194053649902344
6191 0.32401084899902344
6191 0.2961158752441406
6174 0.1049041748046875
6174 0.2529621124267578
6168 0.1499652862548828
6158 0.03886222839355469
6122 0.23698806762695312
6122 0.17905235290527344
6122 0.28705596923828125
6114 0.05984306335449219
6079 0.13303756713867188
6046 0.19598007202148438
6026 0.17213821411132812
6016 0.051975250244140625
6014 0.18715858459472656
6014 0.2460479736328125
6014 0.225067138671875
6012 0.17905235290527344
6010 0.28705596923828125
6010 0.2079010009765625
6009 0.2639293670654297
6008 0.3070831298828125
6008 0.2238750457763672
6008 0.07700920104980469
6008 0.25010108947753906
6008 0.2028942108154297
6006 0.18310546875
6006 0.17905235290527344
6006 0.22101402282714844
6006 0.17690658569335938
6006 0.09703636169433594
6006 0.12803077697753906
6006 0.19311904907226562
6006 0.12111663818359375
6005 0.2608299255371094
5999 0.26607513427734375
5999 0.38909912109375
5999 0.3008842468261719
5999 0.5218982696533203
5989 0.5590915679931641
5978 0.17714500427246094
5978 0.4069805145263672
5977 0.14901161193847656
5973 0.18906593322753906
5973 0.11301040649414062
5972 0.1220703125
5972 0.20003318786621094
5964 0.11610984802246094
5964 0.010013580322265625
5961 0.141143798828125
5961 0.37288665771484375
5961 0.1850128173828125
5949 0.2498626708984375
5921 0.17690658569335938
5921 0.164031982421875
5921 0.2129077911376953
5891 0.3571510314941406
5891 0.2491474151611328
5891 0.049114227294921875
5891 0.09703636169433594
5856 0.1430511474609375
5856 0.18787384033203125
5856 0.19311904907226562
5856 0.3490447998046875
5856 0.3669261932373047
5856 0.09799003601074219
5856 0.18787384033203125
5856 0.2779960632324219
5856 0.637054443359375
5856 0.759124755859375
5854 0.4031658172607422
5854 0.21314620971679688
5854 0.26702880859375
5839 0.2999305725097656
5821 0.13685226440429688
5808 0.28896331787109375
5782 0.5049705505371094
5782 0.23889541625976562
5780 0.07104873657226562
5780 0.08821487426757812
5750 0.2658367156982422
5750 0.5850791931152344
5750 0.22912025451660156
5750 0.0591278076171875
5736 0.2658367156982422
5727 0.4858970642089844
5727 0.3921985626220703
5727 0.14400482177734375
5727 0.1590251922607422
5727 0.2200603485107422
5712 0.2789497375488281
5712 0.14901161193847656
5712 0.34809112548828125
5712 0.3829002380371094
5712 0.11396408081054688
5712 0.05793571472167969
5694 0.06794929504394531
5673 0.29206275939941406
5673 0.15091896057128906
5668 0.3478527069091797
5657 0.2391338348388672
5657 0.20599365234375
5637 0.3380775451660156
5631 0.20503997802734375
5631 0.07987022399902344
5629 0.186920166015625
5624 0.28204917907714844
5624 0.701904296875
5624 0.2620220184326172
5624 0.11610984802246094
5624 0.2620220184326172
5600 0.21195411682128906
5590 0.3058910369873047
5590 0.286102294921875
5590 0.25200843811035156
5590 0.26702880859375
5562 0.2999305725097656
5562 0.06699562072753906
5562 0.14901161193847656
5562 0.29587745666503906
5562 0.3731250762939453
5551 0.09799003601074219
5551 0.20503997802734375
5548 0.07510185241699219
5548 0.19121170043945312
5548 0.1800060272216797
5537 0.16999244689941406
5537 0.16188621520996094
5537 0.22411346435546875
5537 0.18787384033203125
5537 0.17690658569335938
5537 0.2770423889160156
5537 0.26607513427734375
5537 0.2651214599609375
5537 0.25200843811035156
5532 0.18310546875
5532 0.5099773406982422
5524 0.39315223693847656
5524 0.03790855407714844
5524 0.07700920104980469
5524 0.17404556274414062
5515 0.3490447998046875
5509 0.23818016052246094
5509 0.19407272338867188
5509 0.06890296936035156
5509 0.3578662872314453
5498 0.2491474151611328
5498 0.2791881561279297
5497 0.1900196075439453
5476 0.2720355987548828
5476 0.06890296936035156
5474 0.13494491577148438
5451 0.06103515625
5451 0.3960132598876953
5451 0.3991127014160156
5438 0.06389617919921875
5438 0.1659393310546875
5427 0.2040863037109375
5427 0.637054443359375
5427 0.18405914306640625
5427 0.29397010803222656
5427 0.2720355987548828
5421 0.1728534698486328
5421 0.0400543212890625
5421 0.2498626708984375
5421 0.11301040649414062
5413 0.24008750915527344
5413 0.3170967102050781
5413 0.1800060272216797
5406 0.415802001953125
5406 0.38695335388183594
5406 0.1659393310546875
5406 0.08702278137207031
5379 0.17380714416503906
5379 0.26297569274902344
5379 0.12111663818359375
5363 0.431060791015625
5363 0.4711151123046875
5302 0.1399517059326172
5302 0.15807151794433594
5302 0.08797645568847656
5302 0.18310546875
5302 0.0629425048828125
5302 0.09322166442871094
5302 0.049114227294921875
5302 0.2689361572265625
5302 0.2570152282714844
5302 0.23794174194335938
5302 0.11801719665527344
5302 0.19311904907226562
5284 0.41484832763671875
5284 0.3380775451660156
5283 0.26297569274902344
5283 0.3368854522705078
5283 0.202178955078125
5271 0.3681182861328125
5271 0.23698806762695312
5271 0.10585784912109375
5271 0.43511390686035156
5271 0.06699562072753906
5267 0.07796287536621094
5267 0.2110004425048828
5195 0.3178119659423828
5195 0.39005279541015625
5195 0.08797645568847656
5195 0.08296966552734375
5195 0.4260540008544922
5195 0.5469322204589844
5195 0.39386749267578125
5195 0.21696090698242188
5195 0.6489753723144531
5195 0.14710426330566406
5195 0.42319297790527344
5195 0.6818771362304688
5195 0.4220008850097656
5195 0.32401084899902344
5195 0.2689361572265625
5195 0.4589557647705078
5186 0.1418590545654297
5186 0.5469322204589844
5186 0.37789344787597656
5186 0.6630420684814453
5186 0.1881122589111328
5186 0.45490264892578125
5186 0.14495849609375
5186 0.2789497375488281
5179 0.07700920104980469
5179 0.0400543212890625
5174 0.3991127014160156
5155 0.2129077911376953
5155 0.05507469177246094
5155 0.164031982421875
5146 0.12803077697753906
5146 0.6809234619140625
5108 0.24008750915527344
5108 0.26106834411621094
5108 0.14710426330566406
5103 0.22292137145996094
5096 0.347137451171875
5096 0.1709461212158203
5062 0.04410743713378906
5060 0.13303756713867188
5060 0.009059906005859375
5060 0.3249645233154297
5055 0.2238750457763672
5055 0.17499923706054688
5055 0.20003318786621094
5050 0.07200241088867188
5050 0.2689361572265625
5050 0.07295608520507812
5050 0.23794174194335938
5050 0.21386146545410156
5050 0.20003318786621094
5050 0.06890296936035156
5050 0.14400482177734375
5050 0.08392333984375
5050 0.041961669921875
5050 0.16999244689941406
5050 0.07891654968261719
5050 0.21886825561523438
5050 0.11801719665527344
5050 0.09799003601074219
5050 0.0400543212890625
5050 0.4639625549316406
5039 0.3809928894042969
5039 0.12087821960449219
5031 0.06508827209472656
5022 0.40984153747558594
4999 0.3581047058105469
4999 0.26297569274902344
4999 0.5340576171875
4999 0.06794929504394531
4973 0.5071163177490234
4973 0.14901161193847656
4962 0.13589859008789062
4962 0.286102294921875
4962 0.24390220642089844
4962 0.11801719665527344
4962 0.18787384033203125
4962 0.2930164337158203
4962 0.2880096435546875
4962 0.2079010009765625
4962 0.18286705017089844
4958 0.2579689025878906
4941 0.20003318786621094
4941 0.35309791564941406
4941 0.2942085266113281
4941 0.08797645568847656
4934 0.014066696166992188
4934 0.03910064697265625
4934 0.19097328186035156
4934 0.21910667419433594
4919 0.09894371032714844
4918 0.041961669921875
4918 0.2799034118652344
4918 0.08392333984375
4914 0.16307830810546875
4914 0.1811981201171875
4879 0.20599365234375
4869 0.26798248291015625
4869 0.247955322265625
4869 0.09799003601074219
4869 0.3628730773925781
4869 0.2410411834716797
4869 0.009059906005859375
4869 0.10704994201660156
4840 0.0629425048828125
4840 0.1919269561767578
4820 0.08487701416015625
4817 0.25010108947753906
4817 0.2110004425048828
4817 0.07414817810058594
4817 0.22220611572265625
4817 0.0457763671875
4817 0.2689361572265625
4804 0.05507469177246094
4801 0.1881122589111328
4801 0.04291534423828125
4794 0.19288063049316406
4794 0.23102760314941406
4789 0.052928924560546875
4789 0.11897087097167969
4789 0.24890899658203125
4789 0.15997886657714844
4785 0.5919933319091797
4785 0.5159378051757812
4767 0.5359649658203125
4767 0.11801719665527344
4765 0.19311904907226562
4765 0.26607513427734375
4765 0.4010200500488281
4765 0.014066696166992188
4765 0.3230571746826172
4765 0.2689361572265625
4763 0.2300739288330078
4749 0.1780986785888672
4749 0.2357959747314453
4744 0.2620220184326172
4744 0.1220703125
4744 0.15497207641601562
4731 0.1571178436279297
4731 0.24390220642089844
4731 0.19407272338867188
4731 0.28204917907714844
4730 0.10585784912109375
4730 0.010013580322265625
4728 0.32711029052734375
4723 0.1399517059326172
4723 0.25391578674316406
4723 0.2269744873046875
4699 0.04887580871582031
4699 0.29397010803222656
4699 0.18715858459472656
4699 0.30994415283203125
4699 0.21004676818847656
4699 0.11491775512695312
4699 0.14400482177734375
4699 0.2532005310058594
4699 0.11992454528808594
4699 0.21696090698242188
4699 0.3840923309326172
4688 0.052928924560546875
4680 0.30612945556640625
4680 0.308990478515625
4667 0.347137451171875
4664 0.2918243408203125
4660 0.21791458129882812
4660 0.1690387725830078
4642 0.2689361572265625
4642 0.514984130859375
4642 0.14591217041015625
4642 0.5359649658203125
4642 0.3991127014160156
4634 0.41103363037109375
4632 0.3647804260253906
4618 0.55694580078125
4618 0.49805641174316406
4616 0.2739429473876953
4609 0.3039836883544922
4609 0.07605552673339844
4599 0.20694732666015625
4599 0.24819374084472656
4599 0.2601146697998047
4599 0.1900196075439453
4594 0.39196014404296875
4594 0.17499923706054688
4586 0.2231597900390625
4579 0.24700164794921875
4579 0.18715858459472656
4579 0.12803077697753906
4579 0.054836273193359375
4579 0.06008148193359375
4579 0.12612342834472656
4558 0.18596649169921875
4558 0.13399124145507812
4558 0.11205673217773438
4558 0.11205673217773438
4558 0.15997886657714844
4541 0.11301040649414062
4541 0.17690658569335938
4541 0.1571178436279297
4541 0.24509429931640625
4541 0.125885009765625
4541 0.05793571472167969
4541 0.22292137145996094
4541 0.31185150146484375
4539 0.4830360412597656
4539 0.3268718719482422
4539 0.20003318786621094
4524 0.4990100860595703
4503 0.30493736267089844
4478 0.2989768981933594
4478 0.3998279571533203
4478 0.5269050598144531
4459 0.5850791931152344
4459 0.11491775512695312
4459 0.247955322265625
4459 0.1659393310546875
4459 0.2810955047607422
4452 0.2758502960205078
4450 0.09608268737792969
4450 0.39005279541015625
4450 0.2911090850830078
4449 0.4730224609375
4449 0.1251697540283203
4449 0.08702278137207031
4449 0.4200935363769531
4417 0.2548694610595703
4417 0.1800060272216797
4417 0.22411346435546875
4417 0.518798828125
4417 0.22602081298828125
4417 0.4749298095703125
4417 0.19884109497070312
4417 0.19097328186035156
4417 0.26106834411621094
4417 0.1678466796875
4417 0.29206275939941406
4405 0.19502639770507812
4405 0.14090538024902344
4405 0.12993812561035156
4405 0.1900196075439453
4405 0.2110004425048828
4405 0.2338886260986328
4405 0.2028942108154297
4405 0.1671314239501953
4404 0.3330707550048828
4404 0.07200241088867188
4404 0.16689300537109375
4404 0.08106231689453125
4404 0.35190582275390625
4404 0.34308433532714844
4404 0.4100799560546875
4404 0.22101402282714844
4404 0.4379749298095703
4404 0.1659393310546875
4398 0.2429485321044922
4394 0.514984130859375
4394 0.33092498779296875
4394 0.3650188446044922
4394 0.26607513427734375
4394 0.23889541625976562
4394 0.20003318786621094
4394 0.050067901611328125
4394 0.10609626770019531
4394 0.1590251922607422
4394 0.28014183044433594
4394 0.25391578674316406
4382 0.25200843811035156
4382 0.2410411834716797
4382 0.11777877807617188
4382 0.2110004425048828
4379 0.05698204040527344
4379 0.19288063049316406
4379 0.2849102020263672
4379 0.3020763397216797
4379 0.26297569274902344
4379 0.12493133544921875
4379 0.11086463928222656
4379 0.225067138671875
4379 0.308990478515625
4379 0.08797645568847656
4379 0.06103515625
4379 0.10395050048828125
4379 0.20194053649902344
4379 0.20503997802734375
4371 0.1850128173828125
4371 0.14519691467285156
4371 0.06008148193359375
4371 0.3159046173095703
4371 0.3230571746826172
4363 0.5512237548828125
4363 0.4851818084716797
4363 0.2079010009765625
4363 0.5359649658203125
4363 0.3108978271484375
4363 0.3209114074707031
4363 0.21910667419433594
4363 0.054836273193359375
4363 0.5118846893310547
4363 0.13399124145507812
4360 0.26798248291015625
4360 0.2620220184326172
4355 0.15783309936523438
4355 0.09012222290039062
4352 0.1068115234375
4352 0.30803680419921875
4352 0.10895729064941406
4352 0.25200843811035156
4343 0.32401084899902344
4337 0.1590251922607422
4334 0.19502639770507812
4334 0.32711029052734375
4334 0.17380714416503906
4320 0.4229545593261719
4320 0.09608268737792969
4320 0.19598007202148438
4320 0.21719932556152344
4320 0.20313262939453125
4320 0.2579689025878906
4320 0.07200241088867188
4316 0.1938343048095703
4316 0.2429485321044922
4316 0.2510547637939453
4316 0.2779960632324219
4316 0.16999244689941406
4316 0.09417533874511719
4316 0.2961158752441406
4316 0.2028942108154297
4308 0.03695487976074219
4305 0.10800361633300781
4298 0.10395050048828125
4267 0.15282630920410156
4267 0.1800060272216797
4267 0.1430511474609375
4267 0.1201629638671875
4267 0.06580352783203125
4267 0.4639625549316406
4267 0.19216537475585938
4267 0.031948089599609375
4262 0.17499923706054688
4262 0.4439353942871094
4255 0.2720355987548828
4255 0.6129741668701172
4255 0.27179718017578125
4240 0.1671314239501953
4240 0.2110004425048828
4240 0.4150867462158203
4240 0.186920166015625
4240 0.2269744873046875
4240 0.13780593872070312
4240 0.17404556274414062
4240 0.4119873046875
4239 0.12302398681640625
4239 0.2288818359375
4239 0.20694732666015625
4239 0.18906593322753906
4239 0.1659393310546875
4239 0.1239776611328125
4239 0.42819976806640625
4239 0.2601146697998047
4239 0.13184547424316406
4239 0.26607513427734375
4239 0.2608299255371094
4217 0.09799003601074219
4217 0.2799034118652344
4217 0.19502639770507812
4210 0.1499652862548828
4205 0.12993812561035156
4191 0.04291534423828125
4167 0.1690387725830078
4167 0.1819133758544922
4167 0.14281272888183594
4167 0.06103515625
4167 0.15592575073242188
4166 0.16188621520996094
4166 0.11396408081054688
4166 0.2529621124267578
4166 0.22912025451660156
4166 0.18715858459472656
4160 0.09584426879882812
4160 0.15592575073242188
4160 0.1819133758544922
4160 0.06008148193359375
4160 0.14495849609375
4160 0.080108642578125
4160 0.22983551025390625
4160 0.23508071899414062
4160 0.33593177795410156
4160 0.19884109497070312
4160 0.18596649169921875
4160 0.2040863037109375
4160 0.4088878631591797
4160 0.43892860412597656
4157 0.32210350036621094
4157 0.17905235290527344
4157 0.5199909210205078
4132 0.6928443908691406
4124 0.2570152282714844
4124 0.4570484161376953
4124 0.5600452423095703
4124 0.4239082336425781
4123 0.36406517028808594
4119 0.5178451538085938
4118 0.025033950805664062
4118 0.28705596923828125
4118 0.23293495178222656
4118 0.7479190826416016
4118 0.1010894775390625
4118 0.16689300537109375
4118 0.3209114074707031
4118 0.6139278411865234
4118 0.13494491577148438
4118 0.28204917907714844
4118 0.07700920104980469
4118 0.2970695495605469
4118 0.3769397735595703
4118 0.24700164794921875
4116 0.4990100860595703
4104 0.41103363037109375
4104 0.04792213439941406
4104 0.22602081298828125
4104 0.3159046173095703
4104 0.35691261291503906
4104 0.4858970642089844
4104 0.40411949157714844
4104 0.5090236663818359
4104 0.1270771026611328
4104 0.4208087921142578
4104 0.6010532379150391
4092 0.4189014434814453
4092 0.4858970642089844
4092 0.3769397735595703
4049 0.09393692016601562
4049 0.18215179443359375
4049 0.225067138671875
4049 0.1239776611328125
4049 0.2951622009277344
4049 0.1621246337890625
4036 0.37598609924316406
4036 0.16808509826660156
4036 0.07009506225585938
4036 0.23102760314941406
4031 0.48089027404785156
4010 0.080108642578125
4010 0.41103363037109375
4010 0.12302398681640625
3976 0.47707557678222656
3975 0.15497207641601562
3975 0.45299530029296875
3975 0.26106834411621094
3975 0.18906593322753906
3970 0.014066696166992188
3970 0.3209114074707031
3970 0.43511390686035156
3955 0.39005279541015625
3955 0.13518333435058594
3955 0.5710124969482422
3945 0.17404556274414062
3945 0.2181529998779297
3945 0.34618377685546875
3945 0.4551410675048828
3938 0.4439353942871094
3938 0.20503997802734375
3936 0.31495094299316406
3936 0.3268718719482422
3933 0.06699562072753906
3910 0.1361370086669922
3910 0.18906593322753906
3890 0.49805641174316406
3890 0.25010108947753906
3878 0.36787986755371094
3878 0.35119056701660156
3862 0.1850128173828125
3851 0.5879402160644531
3851 0.2689361572265625
3851 0.07605552673339844
3851 0.6849765777587891
3851 0.29397010803222656
3851 0.20503997802734375
3851 0.2999305725097656
3851 0.06198883056640625
3851 0.21004676818847656
3851 0.682830810546875
3844 0.47397613525390625
3844 0.13399124145507812
3844 0.1010894775390625
3844 0.6392002105712891
3844 0.2110004425048828
