1044 1.3589859008789062
1044 0.09298324584960938
1019 0.14781951904296875
959 0.21886825561523438
959 0.014066696166992188
946 0.1621246337890625
937 0.19693374633789062
931 0.07486343383789062
931 0.0820159912109375
929 0.1850128173828125
929 0.11110305786132812
899 0.18095970153808594
899 0.06723403930664062
890 0.18906593322753906
890 0.1811981201171875
863 0.07510185241699219
863 0.1900196075439453
863 0.1380443572998047
863 0.07891654968261719
843 0.0820159912109375
843 0.13494491577148438
843 0.051021575927734375
843 0.08893013000488281
843 0.102996826171875
843 0.18596649169921875
824 0.06985664367675781
824 0.09083747863769531
813 0.11110305786132812
751 0.08296966552734375
745 0.04887580871582031
745 0.07796287536621094
745 0.08082389831542969
745 0.10585784912109375
743 0.03314018249511719
743 0.041961669921875
743 0.08392333984375
743 0.041961669921875
733 0.049114227294921875
733 0.04887580871582031
733 0.0400543212890625
700 0.03790855407714844
673 0.04100799560546875
673 0.032901763916015625
673 0.11587142944335938
664 0.04982948303222656
664 0.033855438232421875
664 0.008106231689453125
664 0.030994415283203125
664 0.033855438232421875
660 0.09584426879882812
660 0.07200241088867188
660 0.028133392333984375
660 0.08702278137207031
654 0.11205673217773438
634 0.07510185241699219
634 0.07200241088867188
617 0.13494491577148438
592 0.07486343383789062
581 0.051021575927734375
578 0.09608268737792969
578 0.06604194641113281
578 0.11587142944335938
566 0.12302398681640625
548 0.12183189392089844
548 0.07104873657226562
548 0.12302398681640625
548 0.09202957153320312
548 0.04291534423828125
548 0.0820159912109375
548 0.008106231689453125
548 0.03504753112792969
548 0.033855438232421875
548 0.027894973754882812
548 0.06103515625
541 0.11301040649414062
533 0.03910064697265625
533 0.07009506225585938
527 0.053882598876953125
514 0.031948089599609375
514 0.041961669921875
512 0.05316734313964844
512 0.027179718017578125
512 0.04410743713378906
512 0.050067901611328125
512 0.07891654968261719
512 0.007152557373046875
512 0.09608268737792969
512 0.07891654968261719
511 0.05888938903808594
510 0.05507469177246094
507 0.10013580322265625
506 0.06985664367675781
506 0.07200241088867188
506 0.051975250244140625
506 0.06508827209472656
506 0.11706352233886719
506 0.08797645568847656
506 0.049114227294921875
506 0.04410743713378906
497 0.06318092346191406
497 0.08416175842285156
497 0.06103515625
497 0.08082389831542969
497 0.041961669921875
497 0.09322166442871094
497 0.102996826171875
497 0.06604194641113281
497 0.041961669921875
486 0.06699562072753906
486 0.033855438232421875
486 0.027894973754882812
486 0.0629425048828125
486 0.032901763916015625
486 0.09799003601074219
486 0.32711029052734375
486 0.331878662109375
486 0.11014938354492188
486 0.1010894775390625
486 0.05888938903808594
486 0.2880096435546875
486 0.09799003601074219
486 0.1399517059326172
486 0.03910064697265625
486 0.08797645568847656
486 0.11014938354492188
482 0.18405914306640625
482 0.12087821960449219
482 0.05602836608886719
482 0.09989738464355469
477 0.06794929504394531
452 0.09489059448242188
452 0.030040740966796875
451 0.0629425048828125
451 0.09799003601074219
451 0.12493133544921875
451 0.16808509826660156
451 0.1468658447265625
451 0.13399124145507812
441 0.1220703125
436 0.09703636169433594
436 0.13017654418945312
430 0.13709068298339844
430 0.030994415283203125
430 0.16689300537109375
430 0.10704994201660156
430 0.04887580871582031
428 0.0820159912109375
428 0.06794929504394531
424 0.1220703125
423 0.06413459777832031
403 0.06008148193359375
403 0.06890296936035156
403 0.04220008850097656
403 0.07510185241699219
403 0.03790855407714844
390 0.09989738464355469
390 0.07295608520507812
389 0.07200241088867188
389 0.07605552673339844
388 0.08392333984375
388 0.08988380432128906
388 0.10395050048828125
388 0.10585784912109375
388 0.030994415283203125
388 0.041961669921875
388 0.047206878662109375
386 0.04601478576660156
386 0.06008148193359375
386 0.051975250244140625
386 0.05793571472167969
385 0.08296966552734375
384 0.06198883056640625
384 0.08702278137207031
384 0.033855438232421875
384 0.0400543212890625
384 0.06079673767089844
384 0.03314018249511719
384 0.07200241088867188
384 0.07081031799316406
384 0.009059906005859375
384 0.03504753112792969
382 0.06818771362304688
382 0.09703636169433594
382 0.09012222290039062
379 0.07581710815429688
379 0.051021575927734375
379 0.03600120544433594
379 0.06580352783203125
379 0.050067901611328125
373 0.06008148193359375
373 0.07915496826171875
370 0.07700920104980469
370 0.051975250244140625
370 0.05602836608886719
370 0.05793571472167969
368 0.052928924560546875
368 0.06389617919921875
368 0.05793571472167969
368 0.04315376281738281
368 0.03504753112792969
362 0.07581710815429688
362 0.03409385681152344
357 0.06508827209472656
357 0.04601478576660156
357 0.07200241088867188
357 0.05602836608886719
357 0.07891654968261719
357 0.08511543273925781
357 0.05698204040527344
357 0.0629425048828125
357 0.07200241088867188
357 0.06794929504394531
357 0.03790855407714844
357 0.12302398681640625
357 0.16307830810546875
357 0.10609626770019531
357 0.010013580322265625
357 0.06103515625
357 0.05698204040527344
354 0.11086463928222656
354 0.09799003601074219
354 0.03910064697265625
354 0.0858306884765625
354 0.06818771362304688
354 0.10991096496582031
354 0.07700920104980469
354 0.07700920104980469
351 0.06890296936035156
351 0.05602836608886719
351 0.09489059448242188
351 0.11110305786132812
351 0.08416175842285156
349 0.04601478576660156
349 0.07319450378417969
349 0.07581710815429688
349 0.049114227294921875
349 0.049114227294921875
349 0.04887580871582031
349 0.0629425048828125
349 0.06794929504394531
349 0.07796287536621094
349 0.0629425048828125
349 0.03504753112792969
349 0.04601478576660156
341 0.032901763916015625
341 0.04601478576660156
341 0.05078315734863281
329 0.051975250244140625
317 0.09703636169433594
317 0.034809112548828125
317 0.07200241088867188
317 0.06079673767089844
317 0.053882598876953125
317 0.051975250244140625
317 0.04482269287109375
317 0.08296966552734375
304 0.06794929504394531
304 0.06699562072753906
304 0.04100799560546875
304 0.08821487426757812
304 0.04601478576660156
304 0.027894973754882812
304 0.008106231689453125
304 0.028848648071289062
302 0.032901763916015625
302 0.05412101745605469
302 0.04792213439941406
294 0.06413459777832031
294 0.05817413330078125
294 0.09012222290039062
294 0.06699562072753906
294 0.06389617919921875
292 0.05888938903808594
292 0.05412101745605469
292 0.050067901611328125
292 0.04696846008300781
289 0.06103515625
289 0.027179718017578125
289 0.03409385681152344
289 0.051975250244140625
289 0.05507469177246094
289 0.052928924560546875
289 0.11610984802246094
289 0.06699562072753906
289 0.064849853515625
283 0.04792213439941406
277 0.06604194641113281
277 0.04696846008300781
277 0.050067901611328125
277 0.05602836608886719
275 0.06103515625
275 0.050067901611328125
275 0.07200241088867188
275 0.051975250244140625
275 0.051975250244140625
275 0.05817413330078125
275 0.03409385681152344
272 0.102996826171875
272 0.052928924560546875
272 0.06413459777832031
272 0.048160552978515625
272 0.0400543212890625
265 0.08392333984375
265 0.026941299438476562
265 0.09298324584960938
265 0.05698204040527344
263 0.07104873657226562
263 0.0400543212890625
263 0.07200241088867188
263 0.07009506225585938
263 0.03910064697265625
263 0.04982948303222656
262 0.07295608520507812
253 0.06699562072753906
253 0.06794929504394531
247 0.05602836608886719
247 0.08106231689453125
242 0.033855438232421875
242 0.03600120544433594
242 0.06318092346191406
242 0.03314018249511719
241 0.04601478576660156
241 0.0438690185546875
241 0.09894371032714844
241 0.04506111145019531
241 0.032901763916015625
241 0.08702278137207031
241 0.1201629638671875
241 0.11396408081054688
241 0.080108642578125
241 0.12183189392089844
241 0.08416175842285156
241 0.06794929504394531
241 0.10704994201660156
241 0.11920928955078125
241 0.06604194641113281
241 0.15115737915039062
241 0.09799003601074219
241 0.1990795135498047
241 0.05698204040527344
241 0.06890296936035156
241 0.09608268737792969
241 0.06508827209472656
241 0.09584426879882812
241 0.05698204040527344
241 0.0591278076171875
241 0.0438690185546875
241 0.06604194641113281
241 0.0629425048828125
241 0.051975250244140625
241 0.06389617919921875
241 0.05793571472167969
241 0.06413459777832031
241 0.04100799560546875
240 0.05793571472167969
240 0.03600120544433594
240 0.008106231689453125
240 0.0457763671875
240 0.051975250244140625
240 0.04601478576660156
240 0.07796287536621094
240 0.04506111145019531
240 0.05698204040527344
236 0.051021575927734375
236 0.03695487976074219
236 0.04506111145019531
236 0.033855438232421875
236 0.03600120544433594
236 0.06318092346191406
236 0.07510185241699219
236 0.07295608520507812
235 0.08511543273925781
235 0.055789947509765625
235 0.06508827209472656
235 0.05602836608886719
235 0.06079673767089844
235 0.08106231689453125
235 0.050067901611328125
235 0.06079673767089844
235 0.0820159912109375
233 0.03790855407714844
233 0.04792213439941406
233 0.06008148193359375
233 0.051975250244140625
233 0.04601478576660156
233 0.05602836608886719
233 0.050067901611328125
233 0.04982948303222656
233 0.06103515625
233 0.04696846008300781
233 0.04887580871582031
233 0.027894973754882812
233 0.029087066650390625
233 0.07891654968261719
233 0.05507469177246094
233 0.03910064697265625
233 0.09298324584960938
233 0.007867813110351562
233 0.09083747863769531
233 0.07104873657226562
233 0.04506111145019531
227 0.07390975952148438
227 0.0069141387939453125
222 0.10013580322265625
222 0.0820159912109375
222 0.04982948303222656
222 0.10609626770019531
218 0.08606910705566406
218 0.1251697540283203
218 0.18215179443359375
216 0.1308917999267578
216 0.05793571472167969
213 0.06794929504394531
213 0.11706352233886719
213 0.07104873657226562
213 0.033855438232421875
213 0.029087066650390625
213 0.09703636169433594
213 0.032901763916015625
213 0.1289844512939453
213 0.06508827209472656
213 0.0820159912109375
213 0.102996826171875
213 0.04291534423828125
213 0.03886222839355469
213 0.041961669921875
213 0.11301040649414062
213 0.20003318786621094
213 0.05888938903808594
206 0.052928924560546875
206 0.04410743713378906
199 0.07796287536621094
199 0.07796287536621094
199 0.029087066650390625
199 0.09703636169433594
199 0.08678436279296875
199 0.1239776611328125
199 0.051975250244140625
199 0.10776519775390625
197 0.09012222290039062
196 0.049114227294921875
196 0.051975250244140625
196 0.05507469177246094
196 0.05817413330078125
196 0.07009506225585938
196 0.008106231689453125
196 0.04601478576660156
196 0.03981590270996094
196 0.06794929504394531
196 0.07796287536621094
196 0.06318092346191406
196 0.09202957153320312
196 0.04482269287109375
194 0.06890296936035156
194 0.07009506225585938
194 0.051021575927734375
194 0.07200241088867188
194 0.03910064697265625
194 0.08797645568847656
194 0.08797645568847656
194 0.07009506225585938
194 0.05602836608886719
194 0.08678436279296875
194 0.06890296936035156
194 0.12493133544921875
194 0.08988380432128906
194 0.05602836608886719
194 0.007152557373046875
194 0.06604194641113281
194 0.102996826171875
194 0.04506111145019531
194 0.07104873657226562
194 0.03910064697265625
194 0.08416175842285156
194 0.08416175842285156
194 0.09512901306152344
194 0.029087066650390625
194 0.028133392333984375
194 0.11801719665527344
194 0.06890296936035156
194 0.07796287536621094
194 0.04601478576660156
194 0.03409385681152344
194 0.08797645568847656
194 0.07987022399902344
194 0.07987022399902344
194 0.04100799560546875
194 0.028133392333984375
194 0.1220703125
192 0.07891654968261719
192 0.054836273193359375
192 0.029087066650390625
192 0.026941299438476562
192 0.041961669921875
192 0.054836273193359375
192 0.064849853515625
192 0.03409385681152344
192 0.007867813110351562
192 0.027894973754882812
192 0.027894973754882812
192 0.08296966552734375
192 0.03314018249511719
192 0.06508827209472656
192 0.06914138793945312
192 0.05698204040527344
192 0.03409385681152344
192 0.06008148193359375
192 0.11801719665527344
192 0.007867813110351562
192 0.07987022399902344
192 0.03886222839355469
191 0.08392333984375
191 0.0820159912109375
191 0.06818771362304688
191 0.05507469177246094
191 0.07605552673339844
191 0.07581710815429688
191 0.07700920104980469
191 0.03910064697265625
191 0.05507469177246094
191 0.048160552978515625
191 0.08296966552734375
191 0.04291534423828125
191 0.11396408081054688
191 0.07510185241699219
191 0.028848648071289062
191 0.07987022399902344
191 0.09799003601074219
191 0.08678436279296875
182 0.03910064697265625
182 0.08606910705566406
182 0.07510185241699219
182 0.048160552978515625
182 0.05412101745605469
182 0.11205673217773438
182 0.16498565673828125
182 0.3180503845214844
182 0.0629425048828125
182 0.17213821411132812
182 0.1900196075439453
181 0.11205673217773438
181 0.06985664367675781
181 0.11205673217773438
181 0.06604194641113281
181 0.09679794311523438
181 0.20194053649902344
181 0.10395050048828125
181 0.15997886657714844
181 0.1327991485595703
181 0.05698204040527344
181 0.08988380432128906
181 0.10991096496582031
181 0.012874603271484375
173 0.19407272338867188
173 0.17404556274414062
173 0.08392333984375
173 0.18286705017089844
173 0.17786026000976562
173 0.11301040649414062
173 0.102996826171875
173 0.13494491577148438
173 0.09202957153320312
173 0.08988380432128906
173 0.055789947509765625
173 0.17905235290527344
173 0.09608268737792969
173 0.07414817810058594
173 0.09489059448242188
173 0.08320808410644531
173 0.048160552978515625
173 0.08606910705566406
173 0.09799003601074219
173 0.14400482177734375
173 0.03504753112792969
173 0.03409385681152344
173 0.07081031799316406
173 0.11897087097167969
173 0.15401840209960938
172 0.09322166442871094
171 0.07390975952148438
171 0.0820159912109375
171 0.09894371032714844
171 0.04410743713378906
171 0.06389617919921875
171 0.07891654968261719
171 0.11610984802246094
171 0.10704994201660156
171 0.08296966552734375
171 0.13899803161621094
171 0.050067901611328125
171 0.11920928955078125
171 0.11897087097167969
171 0.10085105895996094
171 0.13399124145507812
171 0.0438690185546875
171 0.010013580322265625
171 0.041961669921875
171 0.1518726348876953
171 0.049114227294921875
170 0.04792213439941406
170 0.11205673217773438
170 0.03504753112792969
170 0.10204315185546875
170 0.09512901306152344
170 0.06079673767089844
170 0.0629425048828125
170 0.11396408081054688
170 0.07200241088867188
170 0.14901161193847656
167 0.06508827209472656
165 0.041961669921875
165 0.14400482177734375
165 0.11587142944335938
165 0.010013580322265625
165 0.16808509826660156
165 0.14591217041015625
165 0.10800361633300781
163 0.08296966552734375
163 0.05793571472167969
163 0.04410743713378906
163 0.0820159912109375
163 0.14781951904296875
163 0.15687942504882812
163 0.03504753112792969
163 0.03504753112792969
163 0.06008148193359375
161 0.04792213439941406
161 0.03504753112792969
161 0.09298324584960938
161 0.03504753112792969
161 0.09608268737792969
161 0.14710426330566406
161 0.1399517059326172
161 0.13184547424316406
161 0.07605552673339844
161 0.1308917999267578
161 0.08916854858398438
143 0.11897087097167969
143 0.1418590545654297
143 0.10204315185546875
143 0.1010894775390625
143 0.05984306335449219
143 0.03504753112792969
143 0.05698204040527344
143 0.09799003601074219
143 0.07295608520507812
142 0.1361370086669922
142 0.041961669921875
141 0.1270771026611328
141 0.14781951904296875
141 0.1308917999267578
141 0.04291534423828125
141 0.09799003601074219
141 0.09608268737792969
141 0.13399124145507812
141 0.11801719665527344
141 0.010013580322265625
141 0.0820159912109375
141 0.10204315185546875
141 0.047206878662109375
141 0.18286705017089844
141 0.2288818359375
141 0.30493736267089844
141 0.19288063049316406
141 0.2651214599609375
141 0.1289844512939453
141 0.24509429931640625
141 0.0591278076171875
141 0.05602836608886719
141 0.15687942504882812
141 0.09489059448242188
141 0.27298927307128906
139 0.3151893615722656
139 0.2758502960205078
139 0.18596649169921875
139 0.2760887145996094
139 0.10418891906738281
139 0.07510185241699219
139 0.2760887145996094
136 0.15020370483398438
136 0.0820159912109375
136 0.07581710815429688
136 0.05698204040527344
136 0.08511543273925781
130 0.21004676818847656
130 0.09298324584960938
130 0.06699562072753906
130 0.04601478576660156
130 0.1659393310546875
130 0.07200241088867188
130 0.04220008850097656
130 0.08797645568847656
130 0.13184547424316406
130 0.20313262939453125
130 0.1430511474609375
130 0.1518726348876953
130 0.09298324584960938
130 0.20599365234375
130 0.06198883056640625
130 0.15687942504882812
130 0.041961669921875
130 0.22101402282714844
130 0.06008148193359375
130 0.07390975952148438
130 0.16999244689941406
130 0.20813941955566406
130 0.10704994201660156
130 0.1499652862548828
130 0.10585784912109375
130 0.23698806762695312
130 0.06318092346191406
130 0.19407272338867188
130 0.06103515625
130 0.09202957153320312
130 0.08893013000488281
130 0.20194053649902344
130 0.08296966552734375
130 0.13685226440429688
130 0.13709068298339844
130 0.11086463928222656
130 0.1571178436279297
128 0.11706352233886719
128 0.04291534423828125
128 0.07414817810058594
128 0.1850128173828125
128 0.15091896057128906
128 0.15020370483398438
128 0.05817413330078125
128 0.30994415283203125
128 0.28204917907714844
128 0.2949237823486328
128 0.18310546875
128 0.08106231689453125
128 0.12803077697753906
128 0.14901161193847656
128 0.031948089599609375
128 0.12183189392089844
128 0.07605552673339844
128 0.10180473327636719
128 0.08106231689453125
128 0.03790855407714844
128 0.05793571472167969
128 0.06389617919921875
128 0.10991096496582031
128 0.16307830810546875
128 0.04506111145019531
128 0.1308917999267578
128 0.05698204040527344
128 0.07605552673339844
128 0.03719329833984375
128 0.11515617370605469
128 0.051975250244140625
128 0.06794929504394531
128 0.03695487976074219
127 0.07700920104980469
127 0.09083747863769531
127 0.07700920104980469
127 0.08082389831542969
127 0.07104873657226562
127 0.125885009765625
127 0.009059906005859375
127 0.125885009765625
127 0.102996826171875
127 0.17976760864257812
127 0.13709068298339844
127 0.06890296936035156
127 0.1399517059326172
127 0.1609325408935547
127 0.03314018249511719
127 0.10704994201660156
127 0.09799003601074219
127 0.06318092346191406
127 0.06198883056640625
127 0.10395050048828125
127 0.0820159912109375
127 0.15306472778320312
127 0.08392333984375
127 0.11396408081054688
127 0.07796287536621094
127 0.09393692016601562
127 0.06508827209472656
127 0.09489059448242188
127 0.08702278137207031
127 0.15401840209960938
127 0.08392333984375
127 0.06914138793945312
127 0.05221366882324219
127 0.03504753112792969
127 0.008106231689453125
127 0.18596649169921875
127 0.12087821960449219
127 0.15091896057128906
127 0.051975250244140625
127 0.054836273193359375
127 0.12803077697753906
127 0.1399517059326172
127 0.11706352233886719
127 0.1277923583984375
127 0.1010894775390625
127 0.06699562072753906
127 0.31495094299316406
127 0.20194053649902344
127 0.09107589721679688
127 0.05817413330078125
127 0.10180473327636719
127 0.06508827209472656
127 0.03886222839355469
127 0.06699562072753906
126 0.1380443572998047
126 0.15211105346679688
126 0.08988380432128906
126 0.14901161193847656
126 0.04220008850097656
126 0.08606910705566406
126 0.10585784912109375
126 0.11587142944335938
126 0.04696846008300781
126 0.12993812561035156
126 0.141143798828125
126 0.07319450378417969
126 0.07104873657226562
126 0.10609626770019531
126 0.09489059448242188
126 0.1659393310546875
126 0.1289844512939453
126 0.03409385681152344
126 0.03504753112792969
126 0.15687942504882812
126 0.12993812561035156
126 0.04506111145019531
126 0.08296966552734375
126 0.03409385681152344
126 0.03409385681152344
126 0.09012222290039062
126 0.007867813110351562
126 0.13709068298339844
126 0.0629425048828125
126 0.04482269287109375
126 0.06794929504394531
126 0.11491775512695312
126 0.06699562072753906
125 0.1289844512939453
125 0.08606910705566406
123 0.10800361633300781
123 0.125885009765625
123 0.05316734313964844
123 0.07414817810058594
123 0.08392333984375
123 0.10514259338378906
123 0.05698204040527344
123 0.08797645568847656
123 0.07796287536621094
123 0.07915496826171875
121 0.11014938354492188
121 0.08797645568847656
121 0.09012222290039062
121 0.07510185241699219
121 0.03409385681152344
121 0.04100799560546875
121 0.032901763916015625
121 0.03695487976074219
121 0.032901763916015625
121 0.0400543212890625
121 0.04601478576660156
121 0.06890296936035156
121 0.06699562072753906
121 0.03910064697265625
121 0.041961669921875
121 0.07700920104980469
121 0.07700920104980469
121 0.07796287536621094
121 0.04601478576660156
121 0.08702278137207031
121 0.033855438232421875
121 0.1010894775390625
119 0.06198883056640625
119 0.07390975952148438
119 0.032901763916015625
119 0.08392333984375
118 0.052928924560546875
118 0.051021575927734375
117 0.07510185241699219
117 0.08702278137207031
117 0.0400543212890625
117 0.05412101745605469
117 0.10704994201660156
117 0.03886222839355469
117 0.06508827209472656
117 0.06508827209472656
117 0.12302398681640625
117 0.10085105895996094
117 0.2300739288330078
117 0.10704994201660156
117 0.07700920104980469
117 0.07700920104980469
117 0.1049041748046875
117 0.06699562072753906
117 0.08511543273925781
117 0.09083747863769531
117 0.06794929504394531
117 0.07605552673339844
117 0.052928924560546875
117 0.0400543212890625
117 0.080108642578125
117 0.09608268737792969
117 0.18596649169921875
117 0.04696846008300781
117 0.25200843811035156
117 0.053882598876953125
117 0.09012222290039062
117 0.08702278137207031
117 0.09489059448242188
117 0.04601478576660156
117 0.007867813110351562
117 0.09083747863769531
116 0.0629425048828125
116 0.053882598876953125
116 0.07700920104980469
116 0.09202957153320312
116 0.09489059448242188
116 0.06508827209472656
116 0.13208389282226562
116 0.07700920104980469
116 0.04506111145019531
116 0.051975250244140625
116 0.04792213439941406
116 0.05412101745605469
116 0.11205673217773438
116 0.10013580322265625
116 0.053882598876953125
116 0.03886222839355469
116 0.09083747863769531
116 0.0400543212890625
116 0.10180473327636719
116 0.05793571472167969
116 0.10895729064941406
116 0.04601478576660156
116 0.050067901611328125
116 0.08988380432128906
116 0.05698204040527344
116 0.03409385681152344
116 0.06699562072753906
116 0.07200241088867188
116 0.09202957153320312
116 0.0400543212890625
116 0.1049041748046875
116 0.09393692016601562
116 0.06508827209472656
116 0.06389617919921875
116 0.11301040649414062
114 0.09083747863769531
114 0.0400543212890625
114 0.028133392333984375
114 0.09703636169433594
114 0.007867813110351562
114 0.12803077697753906
114 0.03695487976074219
114 0.10085105895996094
113 0.06604194641113281
113 0.06890296936035156
113 0.08702278137207031
113 0.041961669921875
113 0.11110305786132812
113 0.17690658569335938
113 0.08797645568847656
113 0.050067901611328125
113 0.09489059448242188
113 0.04315376281738281
113 0.04291534423828125
113 0.05221366882324219
113 0.04100799560546875
113 0.09393692016601562
113 0.04410743713378906
113 0.07581710815429688
113 0.033855438232421875
113 0.03790855407714844
113 0.07605552673339844
113 0.164031982421875
113 0.051021575927734375
113 0.24819374084472656
113 0.041961669921875
113 0.06985664367675781
113 0.18286705017089844
113 0.08106231689453125
113 0.05984306335449219
113 0.07009506225585938
113 0.06699562072753906
113 0.009059906005859375
113 0.1010894775390625
113 0.06890296936035156
113 0.0820159912109375
113 0.064849853515625
113 0.0438690185546875
113 0.04792213439941406
113 0.053882598876953125
113 0.1010894775390625
113 0.0820159912109375
113 0.04315376281738281
113 0.05698204040527344
113 0.027894973754882812
113 0.054836273193359375
