73514 159.9869728088379
73457 2.3369789123535156
73431 2.3050308227539062
73431 4.923105239868164
73431 1.943826675415039
73406 2.15911865234375
73404 0.3058910369873047
73392 4.660129547119141
73392 0.1671314239501953
73385 0.14090538024902344
73324 5.00798225402832
73307 0.7100105285644531
73307 0.45800209045410156
73278 2.7480125427246094
73276 3.100872039794922
73270 1.3308525085449219
73270 5.496025085449219
73270 1.4338493347167969
73215 2.351999282836914
73209 2.7120113372802734
73209 2.287149429321289
73209 0.20599365234375
73209 0.8950233459472656
73196 5.74803352355957
73196 0.40411949157714844
73119 0.7300376892089844
73072 0.080108642578125
73072 6.600141525268555
73028 0.4680156707763672
73028 1.505136489868164
73028 5.703926086425781
73028 2.0461082458496094
73028 7.128000259399414
73016 4.732847213745117
73014 0.7078647613525391
73009 0.4169940948486328
72994 1.0690689086914062
72969 0.4191398620605469
72926 0.4761219024658203
72900 5.767107009887695
72897 1.1379718780517578
72880 2.1491050720214844
72868 3.365039825439453
72793 6.367921829223633
72793 5.824804306030273
72793 0.5359649658203125
72793 6.330966949462891
72724 1.6510486602783203
72724 0.6978511810302734
72724 5.830049514770508
72698 0.6730556488037109
72641 0.11706352233886719
72641 0.39196014404296875
72616 1.9369125366210938
72591 4.261970520019531
72591 6.361961364746094
72576 5.138874053955078
72576 1.0509490966796875
72576 0.4429817199707031
72576 3.6458969116210938
72569 0.1361370086669922
72530 3.198862075805664
72487 0.5769729614257812
72483 4.478931427001953
72483 2.986907958984375
72466 1.9249916076660156
72466 5.589008331298828
72466 6.017923355102539
72463 0.4398822784423828
72463 3.5982131958007812
72462 0.8461475372314453
72462 3.7550926208496094
72435 0.06508827209472656
72435 7.035017013549805
72432 3.283977508544922
72432 5.981922149658203
72395 4.669189453125
72395 1.619100570678711
72384 5.243062973022461
72384 2.323150634765625
72353 0.8859634399414062
72353 1.2638568878173828
72311 1.4979839324951172
72311 4.791975021362305
72311 1.6748905181884766
72282 4.822969436645508
72233 2.424001693725586
72233 6.429910659790039
72196 2.57110595703125
72160 9.395122528076172
72111 0.27298927307128906
72111 0.4000663757324219
72058 0.20003318786621094
72058 2.7871131896972656
72058 7.2650909423828125
72021 3.9780139923095703
72021 2.7141571044921875
72003 1.2500286102294922
72003 0.4410743713378906
71985 0.4260540008544922
71985 5.851030349731445
71912 0.1289844512939453
71896 3.7689208984375
71896 5.728006362915039
71896 0.6229877471923828
71862 1.2660026550292969
71821 3.7271976470947266
71821 6.347894668579102
71799 2.234935760498047
71780 0.926971435546875
71766 4.868030548095703
71728 0.946044921875
71711 0.9388923645019531
71711 4.435062408447266
71672 3.9207935333251953
71672 5.280971527099609
71666 3.228902816772461
71666 1.5079975128173828
71636 4.487037658691406
71636 3.062009811401367
71636 5.565881729125977
71636 0.11301040649414062
71636 0.7259845733642578
71632 3.515005111694336
71618 8.126020431518555
71618 0.17499923706054688
71604 0.24819374084472656
71598 2.0020008087158203
71598 0.7200241088867188
71533 0.7619857788085938
71489 1.9190311431884766
71479 6.916999816894531
71479 4.012823104858398
71479 5.861043930053711
71479 5.16200065612793
71479 0.3540515899658203
71479 1.8680095672607422
71469 1.0120868682861328
71469 0.06794929504394531
71431 2.5870800018310547
71431 7.330179214477539
71431 2.2439956665039062
71431 3.8208961486816406
71430 1.7740726470947266
71424 5.883932113647461
71424 1.705169677734375
71412 0.32901763916015625
71403 6.386995315551758
71400 1.2009143829345703
71399 2.8400421142578125
71399 4.111051559448242
71370 4.852056503295898
71370 0.26488304138183594
71370 1.7709732055664062
71370 4.028081893920898
71360 0.1201629638671875
71360 2.276897430419922
71348 0.24890899658203125
71328 1.416921615600586
71324 4.451990127563477
71298 4.405975341796875
71287 1.8849372863769531
71287 1.0368824005126953
71283 1.775979995727539
71283 4.9228668212890625
71283 0.21600723266601562
71267 3.934144973754883
71255 3.787994384765625
71228 0.3459453582763672
71205 2.841949462890625
71191 0.1480579376220703
71191 0.35309791564941406
71189 0.6921291351318359
71184 0.1800060272216797
71184 3.892183303833008
71134 6.710052490234375
71134 0.6470680236816406
71112 4.032135009765625
71112 1.3070106506347656
71112 7.383823394775391
71104 0.26917457580566406
71104 1.9631385803222656
71102 3.534078598022461
71102 5.92494010925293
71095 6.350994110107422
71095 1.1570453643798828
71095 2.9859542846679688
71095 0.47206878662109375
71094 7.473945617675781
71068 1.8649101257324219
71009 1.2221336364746094
71009 0.7498264312744141
70998 0.7128715515136719
70998 1.0409355163574219
70998 5.042076110839844
70998 5.5408477783203125
70962 4.765033721923828
70935 1.0030269622802734
70923 0.19502639770507812
70889 3.097057342529297
70889 3.771066665649414
70872 0.1850128173828125
70861 0.9629726409912109
70837 6.115913391113281
70837 0.5428791046142578
70776 1.004934310913086
70776 0.9789466857910156
70776 5.9719085693359375
70776 1.8799304962158203
70747 4.2400360107421875
70747 2.899169921875
70747 4.773855209350586
70738 4.601001739501953
70738 0.8950233459472656
70703 1.2369155883789062
70664 4.8770904541015625
70664 0.7691383361816406
70664 0.286102294921875
70664 0.15211105346679688
70664 6.4220428466796875
70656 2.768993377685547
70610 6.080865859985352
70610 0.22411346435546875
70610 0.8189678192138672
70609 0.5037784576416016
70599 1.5840530395507812
70599 0.8280277252197266
70599 3.4050941467285156
70583 2.268075942993164
70583 0.7951259613037109
70583 1.107931137084961
70583 3.3729076385498047
70583 0.6921291351318359
70559 0.7278919219970703
70559 0.08296966552734375
70559 2.3310184478759766
70559 0.11682510375976562
70485 1.1391639709472656
70485 0.9858608245849609
70485 5.264997482299805
70485 5.23686408996582
70470 2.604961395263672
70464 1.0080337524414062
70460 3.309011459350586
70460 6.012916564941406
70433 0.5390644073486328
70413 5.110025405883789
70363 6.40416145324707
70353 1.1591911315917969
70263 2.4220943450927734
70263 0.7131099700927734
70247 0.8730888366699219
70205 5.326986312866211
70188 6.089925765991211
70188 5.815982818603516
70131 0.4889965057373047
70113 6.747007369995117
70100 0.4820823669433594
70095 3.5080909729003906
70095 6.4868927001953125
70086 0.17189979553222656
70050 5.0258636474609375
70050 6.021022796630859
70050 3.7720203399658203
70040 0.5609989166259766
70017 2.7048587799072266
70017 7.591009140014648
69979 1.8582344055175781
69956 4.311084747314453
69956 0.5998611450195312
69955 3.392934799194336
69955 0.9229183197021484
69955 1.7991065979003906
69909 4.38690185546875
69882 2.6960372924804688
69882 1.7800331115722656
69804 4.578828811645508
69774 2.218008041381836
69774 5.457878112792969
69747 0.2911090850830078
69747 2.3169517517089844
69747 7.80797004699707
69726 4.741907119750977
69726 6.012916564941406
69726 1.5349388122558594
69726 0.5128383636474609
69708 0.308990478515625
69690 5.596160888671875
69690 1.5070438385009766
69690 2.524852752685547
69672 3.915071487426758
69650 0.40912628173828125
69650 1.786947250366211
69650 5.369901657104492
69628 2.0639896392822266
69628 6.688833236694336
69628 4.781007766723633
69628 2.351045608520508
69578 2.103090286254883
69578 3.3299922943115234
69578 3.838062286376953
69578 5.101919174194336
69578 0.4451274871826172
69545 3.098011016845703
69545 2.271890640258789
69545 5.71894645690918
69545 1.2052059173583984
69537 4.762887954711914
69537 0.6189346313476562
69537 4.374027252197266
69529 0.11801719665527344
69529 5.352973937988281
69529 2.3260116577148438
69526 0.6971359252929688
69500 0.13589859008789062
69500 4.504919052124023
69480 1.077890396118164
69480 4.043102264404297
69458 1.3189315795898438
69458 5.411863327026367
69458 0.11706352233886719
69457 1.293182373046875
69429 6.880998611450195
69417 5.26881217956543
69397 1.188039779663086
69397 0.4069805145263672
69388 4.456996917724609
69388 0.2739429473876953
69382 6.207942962646484
69382 6.834983825683594
69377 0.6968975067138672
69377 5.900144577026367
69367 0.8170604705810547
69330 6.034135818481445
69330 0.9050369262695312
69330 0.7951259613037109
69323 0.9980201721191406
69323 4.229068756103516
69311 4.929065704345703
69311 1.4960765838623047
69279 5.997896194458008
69270 2.2881031036376953
69270 0.5068778991699219
69270 0.2548694610595703
69270 4.6539306640625
69270 2.9349327087402344
69244 7.263898849487305
69240 5.624055862426758
69240 4.39000129699707
69240 3.7369728088378906
69203 0.9009838104248047
69203 7.177829742431641
69201 4.069089889526367
69201 6.93202018737793
69190 2.084970474243164
69184 3.6308765411376953
69184 1.5940666198730469
69184 2.569913864135742
69180 8.199214935302734
69147 6.09898567199707
69147 6.826162338256836
69147 2.7120113372802734
69144 0.5412101745605469
69144 6.528139114379883
69125 2.9859542846679688
69109 0.19288063049316406
69109 5.742073059082031
69109 1.0471343994140625
69070 6.428956985473633
69045 0.8070468902587891
69045 0.49686431884765625
69036 0.5271434783935547
69033 1.2841224670410156
69033 0.3859996795654297
69033 0.6399154663085938
69033 6.2580108642578125
69033 3.406047821044922
69033 4.10914421081543
69033 5.243062973022461
69033 4.287958145141602
69033 1.7521381378173828
69033 6.765842437744141
69033 5.572080612182617
69033 0.9760856628417969
69021 2.9289722442626953
69011 3.8368701934814453
68999 1.0941028594970703
68990 1.1191368103027344
68972 5.316972732543945
68972 6.225109100341797
68972 6.204843521118164
68972 5.231142044067383
68970 4.848957061767578
68962 8.47482681274414
68954 7.205963134765625
68954 0.34499168395996094
68954 6.87408447265625
68940 1.107931137084961
68940 1.8351078033447266
68940 0.8130073547363281
68884 3.0460357666015625
68874 1.8470287322998047
68867 5.839824676513672
68831 0.6351470947265625
68807 6.225824356079102
68807 6.142139434814453
68807 3.4499168395996094
68777 1.6469955444335938
68776 5.547046661376953
68763 3.0841827392578125
68737 0.08606910705566406
68729 6.306886672973633
68707 1.6820430755615234
68707 0.6990432739257812
68661 0.17189979553222656
68641 1.2691020965576172
68641 2.4688243865966797
68629 0.1327991485595703
68611 6.369113922119141
68611 3.083944320678711
68611 1.9879341125488281
68611 1.6438961029052734
68596 3.0679702758789062
68596 5.729913711547852
68596 5.592107772827148
68588 4.982233047485352
68588 5.703926086425781
68574 4.081964492797852
68556 2.398967742919922
68556 0.14495849609375
68556 3.638029098510742
68556 0.1881122589111328
68556 2.228975296020508
68556 1.0738372802734375
68551 2.892017364501953
68551 2.741098403930664
68551 0.10585784912109375
68544 2.856016159057617
68544 1.0521411895751953
68514 4.66609001159668
68514 2.4728775024414062
68486 2.9730796813964844
68471 0.9911060333251953
68471 1.3430118560791016
68469 0.4200935363769531
68461 1.1138916015625
68461 0.2410411834716797
68441 2.836942672729492
68441 0.15401840209960938
68419 0.3581047058105469
68348 3.9539337158203125
68348 1.463174819946289
68346 3.1270980834960938
68346 2.3488998413085938
68323 6.198883056640625
68303 1.0950565338134766
68303 0.6530284881591797
68303 0.4131793975830078
68257 2.5069713592529297
68257 3.398895263671875
68250 4.862070083618164
68246 2.647876739501953
68246 5.470037460327148
68246 1.3890266418457031
68213 2.5768280029296875
68213 0.19288063049316406
68213 3.4999847412109375
68189 3.317117691040039
68181 1.283884048461914
68140 3.659963607788086
68140 0.2219676971435547
68140 6.886005401611328
68137 3.2470226287841797
68137 3.551006317138672
68128 6.386995315551758
68128 4.104137420654297
68123 6.602048873901367
68074 1.7049312591552734
68067 0.23698806762695312
68067 0.6721019744873047
68067 1.0759830474853516
68037 2.3050308227539062
68037 0.5900859832763672
68037 2.4368762969970703
68012 0.6308555603027344
68003 2.569913864135742
67985 0.2129077911376953
67982 0.3681182861328125
67982 3.4399032592773438
67968 0.48995018005371094
67945 0.25391578674316406
67922 2.6199817657470703
67922 5.77092170715332
67922 1.5571117401123047
67922 6.495952606201172
67919 1.8131732940673828
67919 1.4340877532958984
67899 7.119178771972656
67899 7.965087890625
67886 1.4491081237792969
67886 1.3360977172851562
67886 0.8778572082519531
67885 5.805015563964844
67885 6.070137023925781
67860 1.8429756164550781
67860 0.6260871887207031
67860 4.853963851928711
67860 3.7899017333984375
67830 3.4492015838623047
67827 0.23889541625976562
67800 4.155874252319336
67800 1.7960071563720703
67800 1.80816650390625
67800 2.479076385498047
67800 0.24700164794921875
67800 3.459930419921875
67800 0.2541542053222656
67787 6.070137023925781
67787 2.933979034423828
67787 0.40912628173828125
67787 0.6210803985595703
67786 1.9428730010986328
67744 5.593061447143555
67723 3.3218860626220703
67717 0.2110004425048828
67717 0.8740425109863281
67717 6.364107131958008
67717 6.090879440307617
67704 3.940105438232422
67704 1.233816146850586
67704 5.454063415527344
67686 0.8311271667480469
67680 4.893064498901367
67680 0.26917457580566406
67680 3.404855728149414
67680 1.5170574188232422
67671 0.15401840209960938
67662 1.4700889587402344
67662 1.3909339904785156
67653 1.6930103302001953
67642 2.022981643676758
67614 6.211996078491211
67614 1.522064208984375
67609 1.0600090026855469
67609 0.11897087097167969
67609 2.7849674224853516
67609 4.813909530639648
67552 1.634836196899414
67523 0.7700920104980469
67523 0.6170272827148438
67521 7.14111328125
67521 2.315998077392578
67521 0.09894371032714844
67521 2.8891563415527344
67521 0.40411949157714844
67513 0.3399848937988281
67464 2.908945083618164
67430 4.232883453369141
67430 1.2669563293457031
67430 2.0079612731933594
67424 1.2640953063964844
67424 1.2969970703125
67413 2.6788711547851562
67413 2.4368762969970703
67409 3.609895706176758
67406 2.031087875366211
67385 3.0341148376464844
67352 0.4200935363769531
67328 3.874063491821289
67326 2.2101402282714844
67315 0.5960464477539062
67269 0.37384033203125
67247 1.775979995727539
67246 0.3788471221923828
67229 0.47707557678222656
67229 4.316091537475586
67229 1.157999038696289
67203 3.4151077270507812
67203 0.6258487701416016
67137 5.034923553466797
67137 3.155946731567383
67110 2.722024917602539
67110 0.6871223449707031
67110 0.9238719940185547
67110 2.8200149536132812
67110 1.6970634460449219
67098 6.679058074951172
67098 4.9190521240234375
67098 0.6239414215087891
67098 0.2689361572265625
67074 0.7190704345703125
67047 1.168966293334961
67047 0.4839897155761719
66974 3.022909164428711
66961 0.5929470062255859
66951 2.045869827270508
66951 3.1659603118896484
66902 3.9081573486328125
66891 1.2011528015136719
66891 2.49481201171875
66891 7.229089736938477
66891 0.5309581756591797
66891 0.3609657287597656
66865 0.9520053863525391
66810 3.4439563751220703
66747 4.312992095947266
66747 0.24890899658203125
66714 3.064870834350586
66688 3.1380653381347656
66663 3.217935562133789
66655 0.2319812774658203
66655 3.0641555786132812
66655 1.149892807006836
66655 1.2459754943847656
66655 3.0100345611572266
66655 0.3139972686767578
66655 1.6100406646728516
66644 0.15592575073242188
66623 4.271030426025391
66607 0.9191036224365234
66607 0.28014183044433594
66607 5.0029754638671875
66589 5.228996276855469
66577 6.590843200683594
66577 0.6990432739257812
66577 0.8819103240966797
66539 4.873991012573242
66510 1.3949871063232422
66506 0.3180503845214844
66505 6.021022796630859
66505 3.905773162841797
66482 1.1920928955078125
66482 2.772092819213867
66482 0.6649494171142578
66482 4.656076431274414
66482 6.21485710144043
66482 1.5799999237060547
66468 1.2459754943847656
66461 4.315853118896484
66461 4.584074020385742
66461 4.081964492797852
66461 1.8579959869384766
66431 4.451990127563477
66421 1.8329620361328125
66413 2.115964889526367
66413 3.538846969604492
66391 3.123044967651367
66391 1.1990070343017578
66391 2.2649765014648438
66391 0.1289844512939453
66385 3.7648677825927734
66381 3.9119720458984375
66357 0.6368160247802734
66357 0.4298686981201172
66357 2.3260116577148438
66350 1.6889572143554688
66310 0.4150867462158203
66310 4.808902740478516
66272 1.2791156768798828
66262 0.34499168395996094
66262 2.215862274169922
66252 5.362987518310547
66238 4.168987274169922
66238 4.628896713256836
66215 0.6949901580810547
66215 1.6140937805175781
66215 0.04506111145019531
66190 1.489877700805664
66182 2.2821426391601562
66182 0.5919933319091797
66181 1.2798309326171875
66095 6.710052490234375
66095 0.7340908050537109
66095 3.915071487426758
66095 0.21004676818847656
66095 0.1251697540283203
66069 1.7271041870117188
66063 0.11682510375976562
66051 4.883050918579102
66045 2.4461746215820312
66045 0.32711029052734375
66045 3.4210681915283203
66032 4.56690788269043
66028 0.6539821624755859
66007 0.4031658172607422
66007 6.584882736206055
66000 0.14901161193847656
65990 1.194000244140625
65990 5.2471160888671875
65959 0.08392333984375
65959 0.9310245513916016
65918 2.416849136352539
65918 0.5910396575927734
65918 0.2288818359375
65892 4.019021987915039
65874 0.5340576171875
65874 3.718137741088867
65861 2.393960952758789
65861 0.18095970153808594
65856 3.9839744567871094
65856 0.3681182861328125
65815 1.1239051818847656
65801 2.504110336303711
65753 4.543066024780273
65747 2.2089481353759766
65747 2.6280879974365234
65747 2.140045166015625
65747 0.37980079650878906
65747 5.353212356567383
65747 5.970954895019531
65745 5.820035934448242
65733 2.859830856323242
65731 0.9911060333251953
65731 0.14710426330566406
65721 2.2149085998535156
65721 1.383066177368164
65721 0.5359649658203125
65721 0.36215782165527344
65721 1.1658668518066406
65717 0.3819465637207031
65688 4.336833953857422
65679 1.703023910522461
65675 4.329204559326172
65675 2.9768943786621094
65675 0.08511543273925781
65669 3.398895263671875
65669 0.0591278076171875
65669 2.765178680419922
65669 1.3349056243896484
65669 0.5400180816650391
65669 4.4078826904296875
65660 0.9148120880126953
65660 0.7691383361816406
65644 2.1178722381591797
65644 2.9239654541015625
65594 1.6260147094726562
65594 0.18596649169921875
65593 5.9719085693359375
65556 2.187967300415039
65556 0.2009868621826172
65556 0.9381771087646484
65556 0.08511543273925781
65556 0.38695335388183594
65548 5.148172378540039
65548 5.198955535888672
65548 0.5481243133544922
65541 2.895832061767578
65541 4.771947860717773
65541 0.5409717559814453
65541 1.5571117401123047
65523 2.650022506713867
65523 0.3879070281982422
65483 1.775979995727539
65483 0.965118408203125
65483 0.9350776672363281
65483 1.3179779052734375
65483 0.07486343383789062
65483 3.5369396209716797
65449 1.4531612396240234
65449 6.291866302490234
65413 0.5860328674316406
65409 0.9260177612304688
65409 6.106853485107422
65352 2.3050308227539062
65352 0.5199909210205078
65349 4.494190216064453
65349 1.7409324645996094
65293 1.024007797241211
65276 0.5519390106201172
65260 0.8778572082519531
65260 2.2001266479492188
65256 0.8099079132080078
65223 3.8270950317382812
65223 2.229928970336914
65223 0.07510185241699219
65223 2.959012985229492
65223 0.6799697875976562
65223 0.37789344787597656
65205 2.946138381958008
65179 4.5909881591796875
65159 0.7739067077636719
65159 3.5898685455322266
65159 3.832101821899414
65159 2.1140575408935547
65154 0.10704994201660156
65154 2.0830631256103516
65154 0.6260871887207031
65144 3.3690929412841797
65120 0.6279945373535156
65120 3.434896469116211
65120 0.10919570922851562
65114 0.6260871887207031
65114 3.50189208984375
65114 0.6248950958251953
65114 2.953052520751953
65114 0.1461505889892578
65096 0.8158683776855469
65096 0.8280277252197266
65092 2.69317626953125
65092 0.41794776916503906
65073 1.7931461334228516
65037 0.9760856628417969
65011 2.8281211853027344
65002 4.127979278564453
65002 1.3689994812011719
65002 2.0508766174316406
65002 1.79290771484375
65002 0.33402442932128906
64973 0.8258819580078125
64952 0.9229183197021484
64925 0.6008148193359375
64925 1.756906509399414
64908 1.5819072723388672
64908 0.8490085601806641
64905 3.119945526123047
64879 2.3660659790039062
64879 0.7541179656982422
64879 0.051021575927734375
64879 3.3919811248779297
64836 2.0601749420166016
64836 1.6360282897949219
64827 2.3720264434814453
64809 1.6560554504394531
64805 0.09107589721679688
64801 3.4589767456054688
64747 2.1200180053710938
64736 1.1417865753173828
64736 0.6639957427978516
64736 3.1387805938720703
64736 0.2498626708984375
64736 1.4009475708007812
64736 0.3762245178222656
64736 1.5931129455566406
64714 1.2280941009521484
64714 0.6031990051269531
64714 1.2688636779785156
64714 0.8649826049804688
64714 2.3529529571533203
64714 0.2739429473876953
64684 0.3941059112548828
64680 1.2409687042236328
64680 2.602100372314453
64680 1.1589527130126953
64666 0.6449222564697266
64655 0.34809112548828125
64651 0.17905235290527344
64651 2.396106719970703
64651 2.969980239868164
64651 0.2720355987548828
64651 0.3781318664550781
64642 1.035928726196289
64642 2.562999725341797
64642 0.6608963012695312
64629 0.3311634063720703
64629 2.7360916137695312
64577 3.0548572540283203
64577 1.7330646514892578
64577 3.1709671020507812
64485 0.6577968597412109
64485 0.8840560913085938
64457 0.31685829162597656
64437 2.6700496673583984
64425 1.7979145050048828
64401 1.3320446014404297
64401 0.5869865417480469
64401 0.03218650817871094
64394 1.3051033020019531
64379 0.5090236663818359
64379 1.8858909606933594
64330 1.0471343994140625
64330 0.7338523864746094
64330 1.5950202941894531
64330 0.38313865661621094
64330 1.989126205444336
64295 0.9260177612304688
64295 1.50299072265625
64295 1.7080307006835938
64295 2.2249221801757812
64295 1.2629032135009766
64288 0.47397613525390625
64277 0.5600452423095703
64277 2.3529529571533203
64248 1.1091232299804688
64248 1.1129379272460938
64220 1.3170242309570312
64220 0.8959770202636719
64218 0.5700588226318359
64187 0.35691261291503906
64187 2.260923385620117
64185 0.5919933319091797
64171 0.7979869842529297
64171 0.2269744873046875
64151 1.1029243469238281
64151 2.565145492553711
64151 2.6509761810302734
64151 1.2040138244628906
64142 0.7841587066650391
64142 3.2579898834228516
64133 2.5680065155029297
64133 2.115964889526367
64133 1.6510486602783203
64133 0.9779930114746094
64112 2.7518272399902344
64112 0.6711483001708984
64112 0.3299713134765625
64112 0.4439353942871094
64112 0.4489421844482422
64112 0.7009506225585938
64062 0.28204917907714844
64062 1.5349388122558594
64062 2.086162567138672
64055 0.7190704345703125
64055 1.9679069519042969
64055 0.23412704467773438
64051 0.25391578674316406
64045 2.2170543670654297
64045 2.029895782470703
64037 0.4608631134033203
63983 1.3360977172851562
63980 2.5849342346191406
63969 2.6700496673583984
63969 0.537872314453125
63907 2.482891082763672
63893 0.34117698669433594
63893 0.9598731994628906
63893 1.714944839477539
63893 3.7009716033935547
63893 1.2068748474121094
63893 0.4520416259765625
63877 2.2068023681640625
63828 1.1401176452636719
63811 0.10204315185546875
63803 3.699064254760742
63803 4.786968231201172
63803 0.3371238708496094
63803 2.196073532104492
63803 1.4388561248779297
63803 1.2080669403076172
63803 1.0120868682861328
63803 0.7848739624023438
63803 0.2949237823486328
63803 1.6789436340332031
63767 2.174854278564453
63742 2.0728111267089844
63701 2.1021366119384766
63679 1.9309520721435547
63660 1.1339187622070312
63660 0.5869865417480469
63660 0.9229183197021484
63660 0.8530616760253906
63660 1.0271072387695312
63660 1.7979145050048828
63618 1.2319087982177734
63618 1.341104507446289
63618 1.3730525970458984
63610 1.3821125030517578
63585 0.6489753723144531
63573 0.15306472778320312
63573 3.551006317138672
63573 2.1538734436035156
63532 1.0960102081298828
63532 1.3508796691894531
63532 1.8489360809326172
63532 0.7538795471191406
63532 0.5822181701660156
63499 2.9740333557128906
63476 2.0809173583984375
63474 2.794027328491211
63459 0.11420249938964844
63456 0.5362033843994141
63454 2.325773239135742
63431 0.40602684020996094
63431 0.6661415100097656
63431 0.9410381317138672
63427 2.03704833984375
63419 0.6000995635986328
63413 1.6660690307617188
63368 0.6859302520751953
63368 0.8780956268310547
63368 1.1258125305175781
63355 0.8370876312255859
63355 0.5350112915039062
63336 0.8611679077148438
63307 0.19407272338867188
63285 1.1348724365234375
63285 0.6661415100097656
63255 0.4749298095703125
63239 2.174854278564453
63239 0.8900165557861328
63239 1.3821125030517578
63239 0.5290508270263672
63235 0.46706199645996094
63235 0.6418228149414062
63235 0.9050369262695312
63235 2.708911895751953
63235 0.3211498260498047
63235 0.6182193756103516
63202 0.7741451263427734
63188 2.997159957885742
63188 0.9000301361083984
63188 0.3631114959716797
