145716 468.02306175231934
145702 6.683826446533203
145684 1.9490718841552734
145651 4.863977432250977
145648 6.663084030151367
145606 3.618955612182617
145583 3.437042236328125
145554 1.7688274383544922
145554 2.4797916412353516
145554 4.139900207519531
145541 1.260995864868164
145532 7.735013961791992
145532 4.393100738525391
145482 3.2498836517333984
145473 1.3871192932128906
145471 0.6940364837646484
145471 0.9479522705078125
145471 1.1761188507080078
145420 1.9500255584716797
145420 1.9810199737548828
145420 0.1919269561767578
145409 0.3840923309326172
145409 2.6650428771972656
145367 0.8461475372314453
145367 0.33283233642578125
145333 2.647876739501953
145297 1.264810562133789
145265 0.20384788513183594
145261 5.589008331298828
145261 2.2029876708984375
145261 1.087188720703125
145261 6.419897079467773
145261 3.7620067596435547
145241 3.2341480255126953
145237 4.769086837768555
145235 1.4190673828125
145214 0.17881393432617188
145205 1.1467933654785156
145205 4.397153854370117
145195 2.225160598754883
145181 2.98309326171875
145166 4.729986190795898
145153 7.097959518432617
145142 3.392934799194336
145142 2.2721290588378906
145142 7.997989654541016
145142 0.637054443359375
145137 0.4470348358154297
145131 5.759000778198242
145131 0.7870197296142578
145078 1.1730194091796875
145059 0.9429454803466797
145059 1.0499954223632812
145049 7.102012634277344
145019 2.847909927368164
145019 1.538991928100586
145019 0.7770061492919922
145019 1.8329620361328125
145019 2.162933349609375
145014 2.4900436401367188
145006 4.991054534912109
144978 5.0868988037109375
144957 6.085872650146484
144953 1.8749237060546875
144953 5.771160125732422
144943 1.0750293731689453
144943 4.033088684082031
144920 2.9010772705078125
144920 3.844022750854492
144920 5.285978317260742
144920 3.6439895629882812
144920 5.455970764160156
144919 1.6169548034667969
144919 8.502006530761719
144878 0.21791458129882812
144878 1.981973648071289
144796 3.2379627227783203
144796 6.815910339355469
144796 5.199909210205078
144796 0.4088878631591797
144773 2.2640228271484375
144773 2.5179386138916016
144749 7.300138473510742
144715 0.12302398681640625
144691 0.28514862060546875
144658 4.348039627075195
144624 1.9497871398925781
144610 1.5017986297607422
144610 0.8399486541748047
144584 2.9609203338623047
144557 3.3631324768066406
144524 3.9489269256591797
144524 0.8471012115478516
144524 1.5339851379394531
144524 2.1851062774658203
144517 1.3780593872070312
144489 3.515005111694336
144485 1.5718936920166016
144485 0.09298324584960938
144454 4.242897033691406
144454 3.1280517578125
144445 7.113933563232422
144370 4.462957382202148
144353 2.462148666381836
144353 1.2149810791015625
144314 3.804922103881836
144238 5.9261322021484375
144238 2.0008087158203125
144236 0.6330013275146484
144236 1.3759136199951172
144220 4.432916641235352
144209 1.4808177947998047
144209 0.5869865417480469
144188 5.218029022216797
144168 5.480051040649414
144110 2.177000045776367
144110 3.403902053833008
144110 0.9620189666748047
144066 3.126859664916992
144066 7.48896598815918
144066 5.331993103027344
144066 1.016855239868164
144066 0.7770061492919922
144046 1.0800361633300781
144046 2.115964889526367
144039 3.910064697265625
144029 0.28395652770996094
144029 4.491090774536133
144029 7.4920654296875
144028 2.216815948486328
144014 3.7491321563720703
143966 5.497932434082031
143966 3.545999526977539
143966 2.249002456665039
143966 1.3539791107177734
143966 1.2578964233398438
143966 0.16999244689941406
143899 2.8629302978515625
143899 0.4630088806152344
143848 4.055023193359375
143848 1.4770030975341797
143848 4.015922546386719
143832 2.5339126586914062
143832 0.5059242248535156
143832 2.3310184478759766
143832 2.7170181274414062
143832 3.7250518798828125
143832 4.026174545288086
143818 2.151012420654297
143816 5.015134811401367
143805 1.3570785522460938
143795 0.29015541076660156
143795 1.104116439819336
143792 0.8609294891357422
143792 1.5878677368164062
143792 3.5371780395507812
143737 1.132965087890625
143737 6.1359405517578125
143708 2.048969268798828
143634 2.444028854370117
143623 1.3539791107177734
143574 2.3648738861083984
143574 3.5848617553710938
143521 2.5680065155029297
143521 5.415916442871094
143505 4.968881607055664
143483 5.354166030883789
143483 4.330158233642578
143458 6.541013717651367
143458 3.86810302734375
143415 0.8401870727539062
143410 1.1680126190185547
143410 0.31304359436035156
143384 0.6148815155029297
143384 1.3768672943115234
143384 3.888845443725586
143384 0.10895729064941406
143382 4.215002059936523
143363 0.5338191986083984
143363 3.618955612182617
143342 4.005193710327148
143342 7.353067398071289
143336 6.994962692260742
143336 7.361888885498047
143336 1.9221305847167969
143336 2.3598670959472656
143336 0.8780956268310547
143336 2.880096435546875
143326 1.7359256744384766
143304 2.5610923767089844
143304 2.173185348510742
143282 1.5270709991455078
143257 0.2601146697998047
143257 4.232883453369141
143257 0.4901885986328125
143257 6.602048873901367
143219 1.3461112976074219
143219 2.825021743774414
143213 3.709077835083008
143191 0.21314620971679688
143191 6.56580924987793
143191 1.5439987182617188
143158 2.0568370819091797
143147 2.8939247131347656
143147 2.4919509887695312
143136 3.3609867095947266
143136 6.438016891479492
143136 1.6078948974609375
143132 0.14400482177734375
143132 0.11992454528808594
143132 4.50587272644043
143132 2.8579235076904297
143127 0.38313865661621094
143127 0.9620189666748047
143127 5.697011947631836
143118 3.62396240234375
143101 1.0640621185302734
143085 5.378961563110352
143085 2.7680397033691406
143085 3.142833709716797
143076 5.033016204833984
143076 3.471851348876953
143076 7.718086242675781
143076 4.223108291625977
143023 2.3040771484375
143005 5.92494010925293
143005 3.9908885955810547
143005 3.403902053833008
142985 0.6670951843261719
142985 5.575895309448242
142985 1.6150474548339844
142985 2.8018951416015625
142985 2.1941661834716797
142967 1.8768310546875
142967 2.7451515197753906
142967 3.9680004119873047
142967 1.444101333618164
142929 4.773855209350586
142929 5.101919174194336
142906 2.6941299438476562
142862 4.582881927490234
142845 4.869937896728516
142828 4.256010055541992
142828 0.5650520324707031
142828 1.2869834899902344
142828 0.10204315185546875
142819 2.917051315307617
142772 6.478071212768555
142699 5.303859710693359
142671 1.024007797241211
142671 3.1499862670898438
142667 1.5981197357177734
142664 4.317998886108398
142664 5.192041397094727
142662 1.1920928955078125
142624 6.356954574584961
142572 2.9709339141845703
142564 0.33402442932128906
142560 3.857851028442383
142543 1.9690990447998047
142543 2.5091171264648438
142519 2.914905548095703
142519 1.3210773468017578
142519 3.8001537322998047
142511 4.562854766845703
142493 0.43010711669921875
142493 6.560087203979492
142489 5.625009536743164
142459 8.123159408569336
142459 4.180908203125
142448 3.525972366333008
142448 5.959033966064453
142448 1.325845718383789
142428 7.884025573730469
142428 7.582902908325195
142428 0.3669261932373047
142402 3.849029541015625
142385 2.151966094970703
142385 4.476785659790039
142385 2.2211074829101562
142363 1.4910697937011719
142363 0.30684471130371094
142362 7.455110549926758
142362 4.400968551635742
142360 1.1379718780517578
142360 4.109859466552734
142317 1.2099742889404297
142308 0.92315673828125
142308 2.2068023681640625
142308 3.0488967895507812
142299 1.6980171203613281
142263 1.8260478973388672
142263 0.6301403045654297
142263 2.132892608642578
142256 1.889944076538086
142256 2.434968948364258
142256 3.7841796875
142256 2.5548934936523438
142239 7.848024368286133
142239 6.157875061035156
142239 2.7158260345458984
142187 1.2788772583007812
142187 0.5881786346435547
142119 0.7259845733642578
142119 1.2860298156738281
142119 0.41794776916503906
142119 1.2400150299072266
142111 2.805948257446289
142111 3.0510425567626953
142111 1.7690658569335938
142111 0.6310939788818359
142105 8.121967315673828
142105 1.0080337524414062
142105 6.412982940673828
142088 0.6389617919921875
142088 2.8700828552246094
142061 1.528024673461914
142032 2.2721290588378906
141994 1.9371509552001953
141994 2.869844436645508
141961 4.498958587646484
141961 1.8110275268554688
141952 0.6420612335205078
141907 7.70115852355957
141894 0.6649494171142578
141894 4.958152770996094
141888 2.4199485778808594
141888 4.032135009765625
141888 3.770112991333008
141888 2.382040023803711
141853 1.9369125366210938
141853 3.2100677490234375
141816 6.06989860534668
141788 6.973981857299805
141788 2.4390220642089844
141788 6.499052047729492
141788 6.54911994934082
141788 4.595041275024414
141788 1.6379356384277344
141788 7.444858551025391
141764 1.9080638885498047
141764 6.072998046875
141764 6.046056747436523
141764 7.786989212036133
141759 0.6930828094482422
141743 3.350973129272461
141733 2.789020538330078
141719 2.4869441986083984
141719 5.850791931152344
141719 0.6411075592041016
141695 0.34809112548828125
141677 6.083011627197266
141657 1.0499954223632812
141657 4.436969757080078
141649 4.462957382202148
141639 1.3577938079833984
141603 0.5800724029541016
141597 2.727985382080078
141562 2.259969711303711
141562 2.346038818359375
141562 7.0438385009765625
141562 1.3580322265625
141562 1.332998275756836
141562 3.1859874725341797
141534 3.863096237182617
141484 1.3761520385742188
141484 0.5211830139160156
141484 0.19407272338867188
141466 4.104137420654297
141422 0.41294097900390625
141418 2.1791458129882812
141418 5.570888519287109
141403 0.4329681396484375
141403 5.874872207641602
141403 3.410816192626953
141403 4.20379638671875
141403 0.637054443359375
141387 4.951000213623047
141387 6.39796257019043
141359 5.970954895019531
141359 2.6221275329589844
141359 0.5559921264648438
141293 4.050016403198242
141293 4.976034164428711
141293 3.4439563751220703
141200 1.2888908386230469
141164 1.4989376068115234
141141 0.6220340728759766
141138 6.087064743041992
141138 0.782012939453125
141127 0.43201446533203125
141112 7.597923278808594
141045 5.988121032714844
141045 1.1191368103027344
141045 5.678892135620117
141045 1.9230842590332031
141045 5.363941192626953
141031 0.2491474151611328
141031 3.7298202514648438
141031 3.5331249237060547
141029 3.0040740966796875
141029 1.8079280853271484
141026 1.0929107666015625
141026 0.3581047058105469
141026 1.4069080352783203
141026 2.691984176635742
141026 1.3570785522460938
140990 4.59599494934082
140990 4.384040832519531
140970 2.180814743041992
140970 0.8029937744140625
140960 0.4699230194091797
140938 0.8330345153808594
140938 6.13093376159668
140895 4.368066787719727
140869 1.7859935760498047
140869 4.548072814941406
140863 4.8828125
140851 10.609865188598633
140847 5.23686408996582
140847 0.19478797912597656
140847 0.7967948913574219
140828 0.5898475646972656
140827 1.2450218200683594
140792 2.0351409912109375
140777 4.866838455200195
140777 3.2720565795898438
140723 7.384061813354492
140718 1.973867416381836
140718 1.9729137420654297
140718 1.068115234375
140718 4.868984222412109
140718 3.284931182861328
140699 1.6717910766601562
140699 8.906841278076172
140682 6.057977676391602
140674 9.829998016357422
140672 8.090972900390625
140672 9.856939315795898
140672 1.667022705078125
140672 5.34820556640625
140656 2.9540061950683594
140614 1.13677978515625
140614 5.499839782714844
140614 3.5178661346435547
140614 4.068136215209961
140596 8.886098861694336
140564 7.628202438354492
140564 1.5139579772949219
140488 2.649068832397461
140470 1.9791126251220703
140470 4.853963851928711
140470 8.4991455078125
140452 1.1098384857177734
140408 6.273984909057617
140403 5.51915168762207
140392 0.3921985626220703
140360 3.609895706176758
140343 0.42891502380371094
140343 0.9319782257080078
140343 5.099058151245117
140302 6.312131881713867
140301 1.711130142211914
140301 3.9777755737304688
140286 1.9779205322265625
140286 1.38092041015625
140284 3.6580562591552734
140265 5.347967147827148
140265 8.711099624633789
140245 1.8699169158935547
140213 6.000041961669922
140213 2.4869441986083984
140194 1.1200904846191406
140194 1.8079280853271484
140194 0.34999847412109375
140194 1.9459724426269531
140194 6.218194961547852
140194 5.660057067871094
140185 7.290124893188477
140185 0.5018711090087891
140185 4.899024963378906
140176 5.690813064575195
140176 3.0472278594970703
140174 7.320880889892578
140154 2.1338462829589844
140114 2.1288394927978516
140111 2.4919509887695312
140060 7.095098495483398
140045 0.6501674652099609
140045 1.6398429870605469
140026 2.771139144897461
140026 8.446931838989258
140026 0.4439353942871094
140015 3.74603271484375
140015 1.7349720001220703
140008 5.414009094238281
140008 1.6109943389892578
139997 2.0809173583984375
139997 2.850055694580078
139986 2.515077590942383
139986 2.8688907623291016
139977 1.2462139129638672
139972 0.3809928894042969
139972 2.3021697998046875
139960 4.927873611450195
139946 2.331972122192383
139946 0.2219676971435547
139905 2.3031234741210938
139905 3.094911575317383
139886 4.080057144165039
139886 5.157947540283203
139886 2.908945083618164
139876 3.137826919555664
139876 3.8640499114990234
139876 2.607107162475586
139876 1.9080638885498047
139800 2.5510787963867188
139786 0.23603439331054688
139786 3.1380653381347656
139772 5.314111709594727
139772 6.366968154907227
139761 0.9539127349853516
139749 4.913806915283203
139749 2.530813217163086
139748 2.0530223846435547
139748 1.6331672668457031
139748 0.26416778564453125
139737 1.7359256744384766
139694 5.677938461303711
139694 4.349946975708008
139694 3.4208297729492188
139694 1.6589164733886719
139677 3.490924835205078
139677 2.2521018981933594
139677 3.014087677001953
139659 2.6378631591796875
139659 4.530906677246094
139659 1.9869804382324219
139659 6.396055221557617
139638 4.181146621704102
139599 7.340908050537109
139582 4.598140716552734
139582 3.1540393829345703
139582 2.0020008087158203
139582 5.624055862426758
139582 8.120059967041016
139582 1.5010833740234375
139527 2.444028854370117
139489 1.0018348693847656
139489 1.2500286102294922
139489 4.758119583129883
139489 1.5139579772949219
139489 4.585981369018555
139485 4.588842391967773
139485 7.246971130371094
139477 2.583026885986328
139458 3.490924835205078
139458 6.000995635986328
139458 7.383108139038086
139458 5.141019821166992
139458 8.733987808227539
139458 1.8401145935058594
139436 1.4600753784179688
139436 2.0918846130371094
139436 2.048015594482422
139436 4.043102264404297
139434 3.4990310668945312
139411 1.8417835235595703
139404 3.551959991455078
139382 1.007080078125
139378 3.782033920288086
139376 4.6329498291015625
139367 1.1098384857177734
139332 1.837015151977539
139332 8.004903793334961
139315 8.422136306762695
139296 1.9459724426269531
139296 2.354145050048828
139296 0.6151199340820312
139296 3.3140182495117188
139296 5.157947540283203
139296 1.5010833740234375
139296 7.664918899536133
139296 0.39505958557128906
139296 4.378080368041992
139296 3.5991668701171875
139296 0.9388923645019531
139296 0.5412101745605469
139289 4.71186637878418
139230 0.054836273193359375
139215 5.326986312866211
139206 1.6360282897949219
139206 6.636142730712891
139197 3.2439231872558594
139180 0.6909370422363281
139162 1.4271736145019531
139162 0.6048679351806641
139151 6.335973739624023
139151 7.337093353271484
139145 6.684064865112305
139145 1.3680458068847656
139104 6.0520172119140625
139095 4.033088684082031
139060 9.664773941040039
139060 3.077983856201172
139007 1.2860298156738281
139007 2.913951873779297
139007 3.985881805419922
138990 0.09584426879882812
138990 1.8529891967773438
138984 2.917051315307617
138984 1.09100341796875
138984 0.9407997131347656
138957 0.8311271667480469
138933 0.48995018005371094
138932 2.4259090423583984
138932 0.7119178771972656
138932 2.825021743774414
138913 3.8678646087646484
138901 3.5247802734375
138898 6.16002082824707
138898 0.2460479736328125
138880 0.6811618804931641
138876 3.3071041107177734
138863 0.4038810729980469
138850 6.34312629699707
138850 5.742073059082031
138843 5.241155624389648
138804 6.532192230224609
138804 3.4279823303222656
138804 4.997014999389648
138792 5.161046981811523
138791 1.750946044921875
138780 2.1638870239257812
138745 5.541801452636719
138716 1.2340545654296875
138716 2.1698474884033203
138716 0.7531642913818359
138707 5.508899688720703
138707 5.693912506103516
138690 2.61688232421875
138683 3.351926803588867
138683 0.1289844512939453
138683 5.771875381469727
138663 1.0828971862792969
138663 4.9648284912109375
138655 0.7002353668212891
138655 5.177974700927734
138652 3.0231475830078125
138652 1.3880729675292969
138588 1.2960433959960938
138588 0.8180141448974609
138588 1.825094223022461
138588 4.726886749267578
138582 0.8120536804199219
138582 7.737874984741211
138582 4.547119140625
138535 1.8558502197265625
138505 0.4031658172607422
138467 4.487037658691406
138467 2.577066421508789
138454 4.198789596557617
138380 4.843950271606445
138371 2.5801658630371094
138349 6.454944610595703
138349 4.256010055541992
138349 5.514860153198242
138333 4.190921783447266
138331 5.859851837158203
138328 0.08606910705566406
138305 3.2579898834228516
138272 2.5789737701416016
138249 1.50299072265625
138249 4.597187042236328
138249 0.37384033203125
138249 1.6531944274902344
138249 0.43082237243652344
138194 1.9061565399169922
138182 1.5578269958496094
138137 4.737138748168945
138135 6.085872650146484
138111 6.342887878417969
138045 0.9779930114746094
138015 2.145051956176758
137969 0.3590583801269531
137969 3.793954849243164
137969 2.315998077392578
137966 1.9080638885498047
137966 8.959054946899414
137927 2.3179054260253906
137927 0.6940364837646484
137891 6.7958831787109375
137891 3.134012222290039
137864 8.469104766845703
137834 6.290912628173828
137818 0.2880096435546875
137817 2.9561519622802734
137794 0.3571510314941406
137780 3.812074661254883
137756 6.158113479614258
137756 1.8820762634277344
137740 6.912946701049805
137733 8.292913436889648
137733 0.19693374633789062
137722 1.6639232635498047
137708 2.2439956665039062
137708 2.719879150390625
137684 4.752159118652344
137684 5.0830841064453125
137684 10.989904403686523
137672 5.28407096862793
137623 2.953052520751953
137586 4.040002822875977
137586 4.83393669128418
137586 6.691932678222656
137586 6.587982177734375
137586 3.818988800048828
137586 0.21195411682128906
137586 6.067991256713867
137570 0.04601478576660156
137561 0.26297569274902344
137561 2.6540756225585938
137550 0.3368854522705078
137550 4.196882247924805
137515 1.4581680297851562
137515 1.2869834899902344
137479 3.465890884399414
137479 2.5548934936523438
137479 3.8568973541259766
137479 3.083944320678711
137479 3.850221633911133
137444 1.898050308227539
137419 4.567861557006836
137419 6.393909454345703
137372 1.8460750579833984
137312 2.2339820861816406
137281 6.407976150512695
137266 1.878976821899414
137266 3.9131641387939453
137266 2.9418468475341797
137266 3.0040740966796875
137266 3.4928321838378906
137266 6.086111068725586
137259 1.8339157104492188
137254 4.04810905456543
137254 4.402875900268555
137225 1.0569095611572266
137225 0.3120899200439453
137225 1.773834228515625
137225 8.389949798583984
137203 1.6748905181884766
137203 1.7020702362060547
137203 1.116037368774414
137182 1.8150806427001953
137182 4.250049591064453
137182 2.1219253540039062
137182 5.252838134765625
137182 1.806020736694336
137136 5.951881408691406
137136 3.0930042266845703
137136 3.426074981689453
137135 5.623102188110352
137135 2.8879642486572266
137135 3.6029815673828125
137135 8.344173431396484
137131 6.011009216308594
137130 2.0401477813720703
137130 0.7269382476806641
137120 6.432771682739258
137106 5.785942077636719
137106 2.846956253051758
137084 3.992795944213867
137082 2.6810169219970703
137082 7.161855697631836
137082 1.5959739685058594
137082 0.9090900421142578
137082 1.6710758209228516
137082 0.804901123046875
137071 4.559993743896484
137064 2.031087875366211
137064 7.254123687744141
137064 3.050088882446289
137064 4.148006439208984
137064 0.5869865417480469
137064 5.61213493347168
137064 5.646944046020508
137064 2.755880355834961
137064 2.2699832916259766
137040 1.6019344329833984
137040 6.750822067260742
137014 2.035856246948242
137011 2.5420188903808594
137011 9.126901626586914
137011 6.326913833618164
137011 3.7331581115722656
137011 0.2181529998779297
137011 1.7139911651611328
137011 2.3529529571533203
136989 10.77890396118164
136989 4.871129989624023
136989 5.856990814208984
136988 5.146980285644531
136988 5.333900451660156
136980 11.429071426391602
136980 6.618022918701172
136980 5.016803741455078
136961 5.478143692016602
136932 2.006053924560547
136920 3.0939579010009766
136887 4.574060440063477
136883 5.16510009765625
136883 5.597114562988281
136876 1.4410018920898438
136876 1.8389225006103516
136876 3.4961700439453125
136852 3.6280155181884766
136837 4.038095474243164
136812 2.295970916748047
136812 6.886005401611328
136782 0.18596649169921875
136751 1.7499923706054688
136725 1.4739036560058594
136709 7.968902587890625
136703 3.5238265991210938
136698 3.222942352294922
136698 3.253936767578125
136694 8.57996940612793
136694 0.743865966796875
136694 4.240989685058594
136677 1.4560222625732422
136677 6.201982498168945
136677 5.995035171508789
136677 0.2899169921875
136666 0.8471012115478516
136657 6.654977798461914
136657 0.286102294921875
136657 3.201007843017578
136657 2.649068832397461
136657 3.0791759490966797
136616 1.1458396911621094
136600 1.9009113311767578
136600 3.1888484954833984
136600 5.242109298706055
136599 1.661062240600586
136599 7.819890975952148
136576 5.01704216003418
136576 5.938053131103516
136569 1.8639564514160156
136569 1.2481212615966797
136564 4.168987274169922
136564 4.719972610473633
136556 4.333972930908203
136548 0.5249977111816406
136545 6.80088996887207
136545 1.592874526977539
136508 3.339052200317383
136508 5.753993988037109
136508 6.916046142578125
136499 5.960941314697266
136499 2.384185791015625
136471 7.77888298034668
136459 5.881071090698242
136424 3.551959991455078
136398 2.5081634521484375
136382 6.98399543762207
136380 1.8601417541503906
136364 6.22105598449707
136285 5.347013473510742
136285 3.4029483795166016
136273 1.3699531555175781
136271 1.4219284057617188
136271 0.5941390991210938
136271 1.2259483337402344
136271 2.012014389038086
136228 2.7811527252197266
136228 0.10395050048828125
136228 0.3268718719482422
136228 0.3669261932373047
136228 8.14199447631836
136173 0.8959770202636719
136154 3.3409595489501953
136154 6.479024887084961
136154 1.1370182037353516
136154 3.3359527587890625
136154 1.7480850219726562
136154 4.596948623657227
136145 6.854772567749023
136130 3.6258697509765625
136130 1.0869503021240234
136130 6.768941879272461
136069 6.028890609741211
136069 0.9908676147460938
136048 2.6869773864746094
136032 1.2640953063964844
136032 0.9849071502685547
136032 2.2439956665039062
136006 3.0732154846191406
136006 0.3421306610107422
135982 1.8570423126220703
135954 3.7488937377929688
135954 2.9261112213134766
135954 0.07510185241699219
135939 5.141019821166992
135918 6.783008575439453
135918 4.641056060791016
135918 0.1590251922607422
135888 2.6140213012695312
135888 4.541158676147461
135863 1.0609626770019531
135863 8.176088333129883
135863 2.299070358276367
135860 5.023956298828125
135845 3.484010696411133
135845 8.372068405151367
135818 2.4139881134033203
135808 5.259990692138672
135787 1.4309883117675781
135763 1.3420581817626953
135733 1.7070770263671875
135648 1.27410888671875
135636 2.3069381713867188
135617 0.820159912109375
135617 3.401041030883789
135601 5.470991134643555
135601 3.301858901977539
135601 6.794929504394531
135601 0.09298324584960938
135601 4.138946533203125
135601 2.537965774536133
135601 3.637075424194336
135583 0.6170272827148438
135550 6.87718391418457
135542 1.4941692352294922
135542 0.4010200500488281
135520 5.095005035400391
135520 0.4711151123046875
135520 2.8390884399414062
135520 3.6499500274658203
135520 0.7100105285644531
135520 4.144906997680664
135520 4.025936126708984
135520 4.228830337524414
135510 3.0760765075683594
135505 2.708911895751953
135437 1.1138916015625
135424 3.400087356567383
135417 6.575107574462891
135417 3.4949779510498047
135417 6.309986114501953
135417 1.0249614715576172
135417 2.624988555908203
135417 2.0029544830322266
135397 4.281044006347656
135397 2.596139907836914
135397 7.301092147827148
135397 3.838062286376953
135363 5.159139633178711
135339 7.314920425415039
135339 1.4681816101074219
135339 2.460956573486328
135326 7.132053375244141
135326 1.4710426330566406
135326 1.4150142669677734
135314 3.7331581115722656
135314 0.22792816162109375
135289 1.589059829711914
135249 0.5619525909423828
135240 4.145145416259766
135208 0.3669261932373047
135176 0.5741119384765625
135154 0.5297660827636719
135113 3.304004669189453
135113 0.6268024444580078
135113 5.391836166381836
135093 5.40614128112793
135074 6.608009338378906
135039 4.260063171386719
135023 2.877950668334961
135019 9.38105583190918
135010 3.710031509399414
135001 1.5859603881835938
135001 1.683950424194336
134982 1.5959739685058594
134949 7.1620941162109375
134931 2.9129981994628906
134931 6.392955780029297
134915 3.612995147705078
134885 1.8720626831054688
134885 0.8800029754638672
134885 1.7409324645996094
134885 6.122112274169922
134885 3.7391185760498047
134885 0.8730888366699219
134885 6.061077117919922
134885 0.7410049438476562
134885 5.705118179321289
134858 2.368927001953125
134846 2.451181411743164
134844 2.424955368041992
134844 1.4071464538574219
134844 1.0390281677246094
