241 0.3368854522705078
241 0.01811981201171875
232 0.08606910705566406
200 0.051975250244140625
190 0.06198883056640625
176 0.047206878662109375
176 0.03600120544433594
164 0.013828277587890625
164 0.04220008850097656
164 0.03981590270996094
164 0.0820159912109375
164 0.06413459777832031
155 0.0400543212890625
155 0.07200241088867188
155 0.06508827209472656
155 0.04291534423828125
155 0.049114227294921875
155 0.05698204040527344
145 0.07390975952148438
145 0.049114227294921875
145 0.051021575927734375
145 0.04220008850097656
145 0.03504753112792969
145 0.04792213439941406
140 0.04601478576660156
140 0.010013580322265625
140 0.06008148193359375
140 0.13184547424316406
120 0.07200241088867188
120 0.10895729064941406
120 0.04506111145019531
120 0.04100799560546875
120 0.09584426879882812
105 0.28014183044433594
105 0.1590251922607422
105 0.11992454528808594
105 0.07200241088867188
105 0.09489059448242188
102 0.04696846008300781
84 0.06318092346191406
84 0.010013580322265625
84 0.05316734313964844
84 0.04887580871582031
84 0.08893013000488281
84 0.050067901611328125
84 0.054836273193359375
84 0.008106231689453125
84 0.030040740966796875
84 0.05412101745605469
82 0.034809112548828125
82 0.04601478576660156
82 0.04506111145019531
82 0.04315376281738281
82 0.04792213439941406
71 0.0400543212890625
64 0.04601478576660156
64 0.050067901611328125
64 0.0820159912109375
64 0.07605552673339844
64 0.06794929504394531
64 0.030994415283203125
64 0.05316734313964844
64 0.041961669921875
64 0.008106231689453125
64 0.008106231689453125
64 0.06508827209472656
64 0.008821487426757812
64 0.06103515625
64 0.05507469177246094
64 0.06389617919921875
64 0.007867813110351562
64 0.041961669921875
64 0.04696846008300781
64 0.04410743713378906
64 0.08678436279296875
56 0.04100799560546875
56 0.030994415283203125
56 0.07295608520507812
56 0.03504753112792969
56 0.07295608520507812
56 0.06079673767089844
56 0.030040740966796875
56 0.07390975952148438
56 0.05793571472167969
56 0.007867813110351562
56 0.030040740966796875
56 0.030040740966796875
56 0.07200241088867188
56 0.052928924560546875
56 0.05793571472167969
56 0.04982948303222656
56 0.06604194641113281
56 0.03695487976074219
56 0.03719329833984375
56 0.0629425048828125
56 0.06604194641113281
56 0.008106231689453125
56 0.04696846008300781
56 0.03600120544433594
56 0.0069141387939453125
56 0.05793571472167969
56 0.007867813110351562
56 0.0069141387939453125
56 0.064849853515625
56 0.07510185241699219
56 0.007152557373046875
52 0.08296966552734375
52 0.008106231689453125
52 0.05698204040527344
52 0.008106231689453125
48 0.07605552673339844
48 0.051975250244140625
48 0.030040740966796875
48 0.0069141387939453125
48 0.04696846008300781
48 0.03504753112792969
48 0.06413459777832031
48 0.034809112548828125
48 0.030040740966796875
48 0.064849853515625
48 0.028133392333984375
48 0.007152557373046875
48 0.03314018249511719
48 0.028133392333984375
48 0.026941299438476562
48 0.12993812561035156
47 0.07891654968261719
47 0.0400543212890625
47 0.04291534423828125
47 0.009059906005859375
47 0.03600120544433594
47 0.08893013000488281
47 0.03314018249511719
47 0.007867813110351562
47 0.0069141387939453125
47 0.07200241088867188
47 0.05412101745605469
47 0.030040740966796875
47 0.007867813110351562
47 0.033855438232421875
47 0.03504753112792969
47 0.05316734313964844
47 0.06508827209472656
47 0.015020370483398438
47 0.05602836608886719
47 0.04887580871582031
42 0.049114227294921875
42 0.05221366882324219
42 0.04291534423828125
42 0.051975250244140625
42 0.09608268737792969
42 0.4100799560546875
40 0.09584426879882812
40 0.1068115234375
40 0.0629425048828125
39 0.09298324584960938
39 0.09799003601074219
39 0.06008148193359375
39 0.09202957153320312
39 0.08988380432128906
39 0.11992454528808594
39 0.08106231689453125
39 0.051975250244140625
39 0.051975250244140625
39 0.06604194641113281
39 0.04601478576660156
39 0.008821487426757812
39 0.030040740966796875
39 0.008106231689453125
39 0.048160552978515625
39 0.05793571472167969
39 0.08797645568847656
39 0.03981590270996094
39 0.009059906005859375
39 0.041961669921875
39 0.06413459777832031
39 0.1480579376220703
39 0.12111663818359375
39 0.05698204040527344
39 0.07295608520507812
39 0.03695487976074219
39 0.041961669921875
39 0.03886222839355469
39 0.0438690185546875
39 0.03504753112792969
39 0.030040740966796875
39 0.03600120544433594
39 0.03814697265625
39 0.013113021850585938
39 0.04506111145019531
39 0.041961669921875
39 0.04100799560546875
39 0.03814697265625
39 0.051021575927734375
39 0.06413459777832031
39 0.051975250244140625
36 0.0400543212890625
36 0.03409385681152344
36 0.027894973754882812
36 0.028133392333984375
36 0.05602836608886719
36 0.1609325408935547
36 0.04601478576660156
36 0.06008148193359375
36 0.18286705017089844
36 0.15401840209960938
36 0.11205673217773438
36 0.12493133544921875
36 0.11301040649414062
36 0.09202957153320312
36 0.0591278076171875
36 0.06604194641113281
36 0.06890296936035156
36 0.2410411834716797
36 0.12993812561035156
36 0.050067901611328125
36 0.06198883056640625
36 0.007867813110351562
36 0.05793571472167969
36 0.11396408081054688
36 0.18405914306640625
33 0.1380443572998047
33 0.010013580322265625
33 0.053882598876953125
33 0.041961669921875
33 0.03600120544433594
31 0.048160552978515625
31 0.06818771362304688
31 0.050067901611328125
31 0.06389617919921875
31 0.030040740966796875
31 0.04482269287109375
31 0.03600120544433594
31 0.10013580322265625
31 0.008821487426757812
31 0.049114227294921875
31 0.008106231689453125
31 0.03504753112792969
31 0.0438690185546875
31 0.030040740966796875
31 0.10609626770019531
31 0.030040740966796875
31 0.06389617919921875
31 0.03981590270996094
31 0.051975250244140625
31 0.03600120544433594
31 0.03600120544433594
31 0.07295608520507812
31 0.04982948303222656
31 0.041961669921875
31 0.051975250244140625
31 0.051021575927734375
31 0.03504753112792969
31 0.03409385681152344
31 0.06198883056640625
31 0.05507469177246094
31 0.06794929504394531
31 0.05888938903808594
31 0.032901763916015625
31 0.1220703125
31 0.06008148193359375
31 0.06604194641113281
31 0.015020370483398438
31 0.041961669921875
31 0.030994415283203125
31 0.07796287536621094
31 0.027894973754882812
31 0.007867813110351562
31 0.0069141387939453125
31 0.05698204040527344
31 0.0069141387939453125
31 0.051021575927734375
31 0.050067901611328125
31 0.04696846008300781
31 0.049114227294921875
31 0.05793571472167969
31 0.06198883056640625
29 0.023126602172851562
29 0.14710426330566406
29 0.09012222290039062
29 0.1728534698486328
29 0.141143798828125
25 0.1590251922607422
25 0.014781951904296875
25 0.07987022399902344
25 0.06604194641113281
25 0.05221366882324219
25 0.08797645568847656
25 0.05602836608886719
25 0.03814697265625
25 0.0629425048828125
25 0.06508827209472656
25 0.08296966552734375
25 0.11587142944335938
25 0.1690387725830078
25 0.06794929504394531
25 0.007867813110351562
25 0.1468658447265625
25 0.04291534423828125
25 0.048160552978515625
25 0.04220008850097656
25 0.030040740966796875
25 0.007867813110351562
25 0.051975250244140625
25 0.05793571472167969
25 0.04696846008300781
25 0.0629425048828125
25 0.09799003601074219
25 0.011205673217773438
24 0.15306472778320312
24 0.010967254638671875
24 0.03409385681152344
24 0.03719329833984375
24 0.048160552978515625
24 0.048160552978515625
24 0.008106231689453125
24 0.04100799560546875
24 0.030040740966796875
24 0.051975250244140625
24 0.080108642578125
24 0.06818771362304688
24 0.06413459777832031
24 0.0438690185546875
24 0.04601478576660156
24 0.03600120544433594
24 0.07510185241699219
24 0.047206878662109375
24 0.04601478576660156
24 0.028133392333984375
24 0.06103515625
24 0.033855438232421875
24 0.04100799560546875
24 0.06413459777832031
24 0.0591278076171875
24 0.029087066650390625
24 0.03409385681152344
24 0.0069141387939453125
24 0.07390975952148438
24 0.03790855407714844
24 0.032901763916015625
24 0.032901763916015625
24 0.027894973754882812
24 0.0400543212890625
24 0.032901763916015625
24 0.05888938903808594
24 0.0400543212890625
24 0.007867813110351562
24 0.05078315734863281
24 0.04100799560546875
24 0.12803077697753906
24 0.04982948303222656
24 0.07915496826171875
24 0.04696846008300781
24 0.1220703125
24 0.06794929504394531
23 0.21195411682128906
23 0.11491775512695312
23 0.052928924560546875
23 0.19097328186035156
23 0.021219253540039062
23 0.08106231689453125
23 0.07891654968261719
23 0.052928924560546875
23 0.041961669921875
23 0.051975250244140625
23 0.030994415283203125
23 0.030040740966796875
23 0.007867813110351562
23 0.04601478576660156
23 0.05698204040527344
23 0.080108642578125
23 0.06890296936035156
23 0.03886222839355469
23 0.054836273193359375
23 0.0591278076171875
23 0.06818771362304688
23 0.041961669921875
23 0.026941299438476562
23 0.032901763916015625
23 0.05984306335449219
23 0.053882598876953125
23 0.04506111145019531
23 0.049114227294921875
23 0.03504753112792969
23 0.028133392333984375
23 0.06008148193359375
23 0.05888938903808594
23 0.0069141387939453125
23 0.03600120544433594
23 0.04100799560546875
23 0.05984306335449219
23 0.03409385681152344
23 0.03886222839355469
23 0.03886222839355469
23 0.05507469177246094
23 0.03314018249511719
23 0.007152557373046875
23 0.04887580871582031
23 0.032901763916015625
23 0.0069141387939453125
23 0.05507469177246094
23 0.0059604644775390625
23 0.03886222839355469
23 0.03910064697265625
23 0.04100799560546875
23 0.026941299438476562
23 0.03504753112792969
23 0.06079673767089844
23 0.033855438232421875
23 0.03600120544433594
23 0.03910064697265625
23 0.048160552978515625
23 0.0069141387939453125
23 0.05984306335449219
23 0.027894973754882812
23 0.032901763916015625
23 0.032901763916015625
23 0.007867813110351562
23 0.04792213439941406
23 0.032901763916015625
23 0.05984306335449219
23 0.032901763916015625
23 0.053882598876953125
23 0.05888938903808594
23 0.04887580871582031
23 0.027894973754882812
23 0.03600120544433594
23 0.0591278076171875
23 0.048160552978515625
23 0.04100799560546875
23 0.0069141387939453125
23 0.053882598876953125
23 0.027894973754882812
23 0.027894973754882812
23 0.0069141387939453125
23 0.05817413330078125
23 0.007152557373046875
23 0.06008148193359375
23 0.007152557373046875
23 0.03504753112792969
23 0.026941299438476562
23 0.05793571472167969
23 0.09012222290039062
23 0.06985664367675781
23 0.03409385681152344
23 0.007152557373046875
23 0.032901763916015625
23 0.05793571472167969
23 0.033855438232421875
23 0.05602836608886719
23 0.0069141387939453125
23 0.027894973754882812
23 0.026941299438476562
23 0.0069141387939453125
23 0.03314018249511719
23 0.04696846008300781
23 0.03504753112792969
23 0.050067901611328125
23 0.04482269287109375
23 0.05602836608886719
23 0.050067901611328125
23 0.049114227294921875
23 0.06818771362304688
23 0.06103515625
23 0.0820159912109375
23 0.0820159912109375
23 0.010013580322265625
23 0.06985664367675781
23 0.03790855407714844
23 0.04601478576660156
23 0.05698204040527344
23 0.04601478576660156
23 0.04696846008300781
23 0.029087066650390625
23 0.04982948303222656
23 0.04506111145019531
23 0.06008148193359375
23 0.05507469177246094
23 0.028133392333984375
23 0.049114227294921875
23 0.032901763916015625
23 0.007867813110351562
23 0.04982948303222656
23 0.033855438232421875
23 0.0438690185546875
23 0.04887580871582031
23 0.06389617919921875
23 0.04100799560546875
23 0.03504753112792969
23 0.14781951904296875
23 0.01621246337890625
23 0.014066696166992188
23 0.053882598876953125
23 0.031948089599609375
23 0.041961669921875
23 0.008821487426757812
23 0.029802322387695312
22 0.05602836608886719
22 0.04506111145019531
22 0.051975250244140625
22 0.05698204040527344
22 0.05507469177246094
22 0.06389617919921875
22 0.030040740966796875
22 0.05316734313964844
22 0.03504753112792969
22 0.04792213439941406
22 0.03600120544433594
22 0.008106231689453125
22 0.007152557373046875
22 0.03695487976074219
22 0.03504753112792969
22 0.027894973754882812
22 0.029802322387695312
22 0.04887580871582031
22 0.11205673217773438
22 0.008821487426757812
22 0.04100799560546875
22 0.07486343383789062
22 0.010013580322265625
22 0.04887580871582031
22 0.051021575927734375
22 0.06699562072753906
22 0.06890296936035156
22 0.007867813110351562
22 0.051975250244140625
22 0.03600120544433594
22 0.05698204040527344
22 0.05817413330078125
22 0.030040740966796875
22 0.028848648071289062
21 0.03600120544433594
21 0.04887580871582031
21 0.007867813110351562
21 0.08320808410644531
21 0.10013580322265625
21 0.15115737915039062
21 0.080108642578125
21 0.05602836608886719
21 0.06508827209472656
21 0.11277198791503906
21 0.07104873657226562
21 0.032901763916015625
21 0.024080276489257812
21 0.11801719665527344
21 0.07104873657226562
21 0.030994415283203125
21 0.07081031799316406
21 0.015020370483398438
21 0.05888938903808594
21 0.064849853515625
21 0.051021575927734375
21 0.05888938903808594
21 0.06389617919921875
21 0.013828277587890625
21 0.09298324584960938
21 0.03409385681152344
21 0.11205673217773438
21 0.08320808410644531
21 0.08106231689453125
21 0.01811981201171875
21 0.06604194641113281
21 0.04291534423828125
21 0.007867813110351562
21 0.04887580871582031
21 0.05888938903808594
21 0.03600120544433594
21 0.050067901611328125
21 0.03600120544433594
21 0.05602836608886719
21 0.06389617919921875
21 0.05221366882324219
21 0.03504753112792969
21 0.0400543212890625
21 0.028133392333984375
21 0.05316734313964844
21 0.050067901611328125
21 0.0400543212890625
21 0.03314018249511719
21 0.04410743713378906
21 0.03910064697265625
21 0.03719329833984375
21 0.03409385681152344
21 0.0069141387939453125
21 0.03790855407714844
21 0.027894973754882812
21 0.007867813110351562
21 0.0400543212890625
21 0.051021575927734375
21 0.028133392333984375
21 0.05507469177246094
21 0.0069141387939453125
21 0.04601478576660156
21 0.0069141387939453125
21 0.033855438232421875
21 0.052928924560546875
21 0.051021575927734375
21 0.0069141387939453125
21 0.041961669921875
21 0.032901763916015625
21 0.04696846008300781
21 0.051975250244140625
21 0.047206878662109375
21 0.028133392333984375
21 0.026941299438476562
20 0.054836273193359375
20 0.05698204040527344
20 0.028133392333984375
20 0.028133392333984375
20 0.027894973754882812
19 0.050067901611328125
19 0.0069141387939453125
19 0.0069141387939453125
19 0.028848648071289062
19 0.04076957702636719
19 0.027894973754882812
19 0.0059604644775390625
19 0.026941299438476562
19 0.04982948303222656
19 0.026941299438476562
19 0.031948089599609375
19 0.028133392333984375
19 0.0400543212890625
19 0.025987625122070312
19 0.03790855407714844
19 0.03790855407714844
19 0.026941299438476562
19 0.051021575927734375
19 0.051021575927734375
19 0.03886222839355469
19 0.03886222839355469
19 0.04696846008300781
19 0.008106231689453125
19 0.029802322387695312
19 0.09202957153320312
19 0.07295608520507812
19 0.0400543212890625
19 0.11396408081054688
18 0.102996826171875
18 0.012874603271484375
18 0.07605552673339844
18 0.0400543212890625
18 0.1270771026611328
18 0.11587142944335938
18 0.11515617370605469
18 0.13208389282226562
18 0.07104873657226562
18 0.2040863037109375
18 0.09799003601074219
18 0.08702278137207031
17 0.06604194641113281
17 0.03886222839355469
17 0.15401840209960938
17 0.05817413330078125
17 0.048160552978515625
17 0.030040740966796875
17 0.03504753112792969
17 0.04506111145019531
17 0.030040740966796875
17 0.007867813110351562
17 0.05602836608886719
17 0.03600120544433594
17 0.007867813110351562
17 0.029087066650390625
17 0.03504753112792969
17 0.03600120544433594
17 0.064849853515625
17 0.0400543212890625
17 0.052928924560546875
17 0.033855438232421875
17 0.051975250244140625
17 0.04291534423828125
17 0.051975250244140625
17 0.029087066650390625
17 0.04601478576660156
17 0.03814697265625
17 0.027179718017578125
17 0.026941299438476562
17 0.03790855407714844
17 0.032901763916015625
17 0.03790855407714844
17 0.05221366882324219
17 0.03409385681152344
17 0.029087066650390625
17 0.04792213439941406
17 0.04792213439941406
17 0.05316734313964844
17 0.028133392333984375
17 0.03409385681152344
17 0.05412101745605469
16 0.03910064697265625
16 0.028133392333984375
16 0.03910064697265625
16 0.03218650817871094
16 0.007152557373046875
16 0.03790855407714844
16 0.007867813110351562
16 0.0059604644775390625
16 0.029087066650390625
16 0.03314018249511719
16 0.027179718017578125
16 0.03814697265625
16 0.0069141387939453125
16 0.032901763916015625
16 0.033855438232421875
16 0.009059906005859375
16 0.03218650817871094
16 0.032901763916015625
16 0.029087066650390625
16 0.026941299438476562
16 0.032901763916015625
16 0.008106231689453125
16 0.04696846008300781
16 0.032901763916015625
16 0.0069141387939453125
16 0.05221366882324219
16 0.031948089599609375
16 0.027894973754882812
16 0.04100799560546875
16 0.03814697265625
16 0.03314018249511719
16 0.0591278076171875
16 0.007867813110351562
16 0.0069141387939453125
16 0.04696846008300781
16 0.03314018249511719
16 0.03910064697265625
16 0.008106231689453125
16 0.029087066650390625
16 0.048160552978515625
16 0.031948089599609375
16 0.04506111145019531
16 0.049114227294921875
16 0.028133392333984375
16 0.028133392333984375
16 0.03314018249511719
16 0.03910064697265625
16 0.028133392333984375
16 0.03314018249511719
16 0.03314018249511719
16 0.03409385681152344
16 0.032901763916015625
16 0.027894973754882812
16 0.029087066650390625
16 0.032901763916015625
16 0.04792213439941406
16 0.041961669921875
16 0.007867813110351562
16 0.032901763916015625
16 0.03314018249511719
16 0.007152557373046875
16 0.052928924560546875
16 0.0069141387939453125
16 0.027894973754882812
16 0.028133392333984375
16 0.028133392333984375
16 0.026941299438476562
16 0.0069141387939453125
16 0.03314018249511719
16 0.03409385681152344
16 0.027179718017578125
16 0.007152557373046875
16 0.03409385681152344
16 0.0069141387939453125
16 0.032901763916015625
16 0.0400543212890625
16 0.0069141387939453125
16 0.0069141387939453125
16 0.031948089599609375
16 0.028133392333984375
16 0.028133392333984375
16 0.04696846008300781
16 0.03695487976074219
16 0.028133392333984375
16 0.04410743713378906
16 0.007152557373046875
16 0.04792213439941406
16 0.04291534423828125
16 0.04601478576660156
16 0.03314018249511719
16 0.04100799560546875
16 0.0069141387939453125
16 0.04100799560546875
16 0.05698204040527344
16 0.051021575927734375
16 0.008106231689453125
16 0.0069141387939453125
16 0.007152557373046875
16 0.026941299438476562
16 0.054836273193359375
16 0.04291534423828125
16 0.0438690185546875
16 0.04792213439941406
16 0.026941299438476562
16 0.03719329833984375
16 0.0400543212890625
16 0.03314018249511719
16 0.051021575927734375
16 0.12493133544921875
16 0.07891654968261719
16 0.055789947509765625
16 0.17690658569335938
16 0.012874603271484375
16 0.04601478576660156
16 0.053882598876953125
16 0.041961669921875
16 0.007867813110351562
16 0.04220008850097656
16 0.030040740966796875
16 0.029802322387695312
16 0.03504753112792969
16 0.029087066650390625
16 0.03600120544433594
16 0.04601478576660156
16 0.034809112548828125
16 0.0400543212890625
16 0.04982948303222656
16 0.03504753112792969
16 0.029087066650390625
16 0.007867813110351562
16 0.054836273193359375
16 0.03504753112792969
16 0.03409385681152344
16 0.034809112548828125
16 0.051975250244140625
16 0.03600120544433594
16 0.008106231689453125
16 0.0069141387939453125
16 0.049114227294921875
16 0.06818771362304688
16 0.06198883056640625
16 0.141143798828125
16 0.041961669921875
16 0.050067901611328125
16 0.007867813110351562
16 0.011920928955078125
16 0.03790855407714844
16 0.030994415283203125
16 0.07200241088867188
16 0.07009506225585938
16 0.04982948303222656
16 0.04696846008300781
16 0.04506111145019531
16 0.04696846008300781
16 0.102996826171875
16 0.16617774963378906
16 0.07796287536621094
16 0.1289844512939453
16 0.05412101745605469
16 0.080108642578125
16 0.09989738464355469
16 0.009059906005859375
16 0.007152557373046875
16 0.051021575927734375
16 0.0820159912109375
16 0.03695487976074219
16 0.008106231689453125
16 0.07390975952148438
16 0.06699562072753906
16 0.07390975952148438
16 0.08487701416015625
16 0.08893013000488281
16 0.03790855407714844
16 0.030040740966796875
16 0.034809112548828125
16 0.03504753112792969
16 0.049114227294921875
16 0.04410743713378906
16 0.04100799560546875
16 0.04100799560546875
16 0.04982948303222656
16 0.03504753112792969
16 0.051975250244140625
16 0.008106231689453125
16 0.03600120544433594
16 0.04506111145019531
16 0.05817413330078125
16 0.008106231689453125
16 0.032901763916015625
16 0.007152557373046875
16 0.032901763916015625
16 0.029087066650390625
16 0.03314018249511719
16 0.03910064697265625
16 0.028133392333984375
16 0.03695487976074219
16 0.051975250244140625
16 0.04982948303222656
16 0.028848648071289062
16 0.027894973754882812
16 0.03886222839355469
16 0.03695487976074219
16 0.007152557373046875
16 0.032901763916015625
16 0.007867813110351562
16 0.051975250244140625
16 0.028133392333984375
16 0.028133392333984375
16 0.051975250244140625
16 0.026941299438476562
16 0.03814697265625
16 0.03814697265625
16 0.032901763916015625
16 0.04601478576660156
16 0.027894973754882812
16 0.03790855407714844
16 0.03409385681152344
16 0.053882598876953125
16 0.03910064697265625
16 0.04482269287109375
16 0.03790855407714844
16 0.033855438232421875
16 0.027894973754882812
16 0.03790855407714844
16 0.032901763916015625
16 0.05316734313964844
16 0.051975250244140625
16 0.03886222839355469
16 0.051975250244140625
16 0.03910064697265625
16 0.032901763916015625
16 0.03910064697265625
16 0.03814697265625
16 0.051021575927734375
16 0.032901763916015625
16 0.026941299438476562
16 0.03910064697265625
16 0.03910064697265625
16 0.028133392333984375
16 0.0069141387939453125
16 0.026941299438476562
16 0.007867813110351562
16 0.07486343383789062
16 0.03504753112792969
16 0.051021575927734375
16 0.041961669921875
16 0.05221366882324219
16 0.03910064697265625
16 0.03910064697265625
16 0.028848648071289062
16 0.032901763916015625
16 0.03314018249511719
16 0.05316734313964844
15 0.04696846008300781
15 0.041961669921875
15 0.03981590270996094
15 0.052928924560546875
15 0.12493133544921875
15 0.048160552978515625
15 0.0591278076171875
15 0.03790855407714844
15 0.08392333984375
15 0.11992454528808594
15 0.080108642578125
15 0.064849853515625
15 0.064849853515625
15 0.015020370483398438
15 0.06699562072753906
15 0.17690658569335938
15 0.034809112548828125
15 0.06389617919921875
15 0.08082389831542969
15 0.06794929504394531
15 0.04696846008300781
15 0.030994415283203125
15 0.03600120544433594
15 0.008106231689453125
15 0.09703636169433594
15 0.04696846008300781
15 0.07796287536621094
15 0.06604194641113281
15 0.06103515625
15 0.015974044799804688
15 0.11491775512695312
15 0.041961669921875
15 0.04696846008300781
15 0.03600120544433594
15 0.05602836608886719
15 0.008821487426757812
15 0.029087066650390625
15 0.04315376281738281
15 0.029087066650390625
15 0.04482269287109375
15 0.051021575927734375
15 0.03814697265625
15 0.051975250244140625
15 0.0438690185546875
15 0.0400543212890625
15 0.03910064697265625
15 0.04291534423828125
15 0.027894973754882812
15 0.033855438232421875
15 0.04792213439941406
15 0.026941299438476562
15 0.034809112548828125
15 0.027894973754882812
15 0.026941299438476562
15 0.05078315734863281
15 0.03409385681152344
15 0.048160552978515625
15 0.032901763916015625
