2017 2.9549598693847656
2017 0.22602081298828125
1967 0.17499923706054688
1933 0.09799003601074219
1924 0.08702278137207031
1913 0.2238750457763672
1909 0.23889541625976562
1894 0.244140625
1894 0.16307830810546875
1891 0.18596649169921875
1882 0.19788742065429688
1868 0.10991096496582031
1868 0.1289844512939453
1847 0.21791458129882812
1842 0.052928924560546875
1804 0.21600723266601562
1804 0.15497207641601562
1804 0.11396408081054688
1797 0.19097328186035156
1785 0.04792213439941406
1785 0.09393692016601562
1785 0.03790855407714844
1779 0.09584426879882812
1769 0.225067138671875
1739 0.03695487976074219
1709 0.1881122589111328
1709 0.1621246337890625
1696 0.15592575073242188
1668 0.1308917999267578
1668 0.07700920104980469
1660 0.18906593322753906
1660 0.03981590270996094
1658 0.18310546875
1658 0.06413459777832031
1636 0.17404556274414062
1636 0.1678466796875
1636 0.04506111145019531
1591 0.054836273193359375
1568 0.1709461212158203
1546 0.0400543212890625
1531 0.05698204040527344
1522 0.15997886657714844
1522 0.20885467529296875
1522 0.1590251922607422
1512 0.07009506225585938
1512 0.10085105895996094
1495 0.17404556274414062
1490 0.09298324584960938
1490 0.06198883056640625
1422 0.0400543212890625
1422 0.2491474151611328
1409 0.164031982421875
1409 0.1418590545654297
1399 0.18405914306640625
1399 0.05412101745605469
1399 0.19097328186035156
1384 0.14281272888183594
1378 0.14209747314453125
1364 0.186920166015625
1358 0.2448558807373047
1357 0.43487548828125
1357 0.247955322265625
1357 0.2739429473876953
1332 0.11801719665527344
1332 0.21600723266601562
1332 0.048160552978515625
1332 0.09393692016601562
1332 0.14090538024902344
1311 0.1621246337890625
1311 0.35500526428222656
1311 0.08678436279296875
1311 0.12993812561035156
1311 0.11706352233886719
1311 0.1671314239501953
1311 0.2510547637939453
1311 0.2532005310058594
1297 0.19693374633789062
1292 0.14519691467285156
1284 0.1590251922607422
1284 0.10800361633300781
1284 0.05698204040527344
1284 0.16188621520996094
1284 0.10013580322265625
1284 0.06604194641113281
1284 0.1380443572998047
1284 0.030994415283203125
1284 0.04601478576660156
1281 0.1800060272216797
1281 0.12612342834472656
1273 0.19788742065429688
1273 0.08487701416015625
1241 0.2880096435546875
1241 0.20003318786621094
1241 0.3018379211425781
1241 0.07390975952148438
1241 0.09512901306152344
1241 0.20003318786621094
1241 0.10609626770019531
1241 0.11706352233886719
1236 0.1418590545654297
1236 0.11396408081054688
1236 0.09894371032714844
1236 0.08893013000488281
1236 0.15687942504882812
1236 0.13709068298339844
1236 0.13399124145507812
1228 0.0400543212890625
1228 0.11491775512695312
1217 0.24700164794921875
1217 0.5118846893310547
1217 0.23794174194335938
1217 0.2090930938720703
1217 0.2961158752441406
1217 0.16808509826660156
1216 0.1239776611328125
1216 0.031948089599609375
1216 0.11610984802246094
1216 0.1327991485595703
1216 0.1239776611328125
1216 0.13303756713867188
1216 0.03981590270996094
1216 0.1671314239501953
1216 0.1270771026611328
1195 0.13709068298339844
1195 0.3330707550048828
1195 0.04601478576660156
1194 0.13709068298339844
1194 0.16808509826660156
1187 0.11897087097167969
1185 0.1399517059326172
1172 0.17595291137695312
1167 0.09298324584960938
1167 0.07104873657226562
1167 0.030994415283203125
1167 0.0629425048828125
1167 0.15497207641601562
1167 0.07796287536621094
1167 0.027894973754882812
1167 0.07796287536621094
1160 0.032901763916015625
1160 0.102996826171875
1160 0.05602836608886719
1160 0.04887580871582031
1160 0.1049041748046875
1160 0.07009506225585938
1160 0.12493133544921875
1160 0.049114227294921875
1160 0.05507469177246094
1159 0.055789947509765625
1158 0.1010894775390625
1136 0.011920928955078125
1136 0.057220458984375
1136 0.08511543273925781
1136 0.11610984802246094
1136 0.04410743713378906
1121 0.06985664367675781
1121 0.17881393432617188
1115 0.16808509826660156
1115 0.10895729064941406
1106 0.07581710815429688
1106 0.12302398681640625
1106 0.2269744873046875
1100 0.11110305786132812
1100 0.1220703125
1100 0.11897087097167969
1100 0.10013580322265625
1098 0.07390975952148438
1098 0.16999244689941406
1098 0.12302398681640625
1084 0.2570152282714844
1070 0.11920928955078125
1070 0.16188621520996094
1067 0.02193450927734375
1064 0.2608299255371094
1064 0.10800361633300781
1064 0.3058910369873047
1064 0.05316734313964844
1064 0.15211105346679688
1064 0.20313262939453125
1064 0.010013580322265625
1064 0.18095970153808594
1055 0.13303756713867188
1055 0.18095970153808594
1055 0.18596649169921875
1052 0.07200241088867188
1052 0.17690658569335938
1052 0.1468658447265625
1052 0.102996826171875
1052 0.05507469177246094
1044 0.04887580871582031
1044 0.10585784912109375
1041 0.012159347534179688
1041 0.22602081298828125
1041 0.08296966552734375
1041 0.1728534698486328
1023 0.10991096496582031
1023 0.19788742065429688
1023 0.11396408081054688
1023 0.18596649169921875
1023 0.007867813110351562
1012 0.04601478576660156
1012 0.029087066650390625
1000 0.11420249938964844
1000 0.08416175842285156
985 0.15211105346679688
985 0.16808509826660156
985 0.15807151794433594
985 0.125885009765625
985 0.07295608520507812
985 0.1690387725830078
985 0.10013580322265625
985 0.08702278137207031
985 0.12993812561035156
985 0.2090930938720703
985 0.13208389282226562
984 0.2079010009765625
984 0.1609325408935547
984 0.1571178436279297
984 0.04220008850097656
981 0.03719329833984375
981 0.11706352233886719
981 0.04601478576660156
981 0.202178955078125
976 0.1499652862548828
976 0.1239776611328125
976 0.10800361633300781
976 0.13899803161621094
963 0.0782012939453125
963 0.07319450378417969
963 0.17213821411132812
963 0.028133392333984375
963 0.050067901611328125
953 0.06985664367675781
953 0.07009506225585938
953 0.07796287536621094
953 0.125885009765625
948 0.04410743713378906
948 0.21004676818847656
948 0.20694732666015625
948 0.052928924560546875
931 0.1418590545654297
931 0.11396408081054688
931 0.14281272888183594
931 0.17595291137695312
923 0.07700920104980469
923 0.03409385681152344
922 0.09584426879882812
919 0.07104873657226562
907 0.15211105346679688
907 0.07081031799316406
907 0.164031982421875
907 0.11587142944335938
907 0.06985664367675781
907 0.03886222839355469
905 0.13494491577148438
905 0.1590251922607422
898 0.1308917999267578
898 0.12278556823730469
898 0.07700920104980469
892 0.12922286987304688
892 0.1220703125
892 0.04482269287109375
892 0.041961669921875
892 0.007867813110351562
873 0.1049041748046875
873 0.1468658447265625
872 0.10395050048828125
866 0.06699562072753906
866 0.16307830810546875
866 0.0438690185546875
866 0.1518726348876953
866 0.06008148193359375
861 0.03910064697265625
861 0.08916854858398438
861 0.08392333984375
861 0.09393692016601562
836 0.06103515625
836 0.1270771026611328
836 0.12493133544921875
836 0.0820159912109375
836 0.19288063049316406
836 0.10704994201660156
836 0.06413459777832031
836 0.1201629638671875
836 0.10514259338378906
828 0.10895729064941406
812 0.031948089599609375
812 0.09393692016601562
812 0.04982948303222656
812 0.053882598876953125
806 0.05984306335449219
806 0.10895729064941406
806 0.17690658569335938
799 0.04792213439941406
799 0.04100799560546875
799 0.10013580322265625
799 0.07987022399902344
793 0.164031982421875
793 0.2079010009765625
793 0.11706352233886719
793 0.05507469177246094
793 0.3879070281982422
787 0.3261566162109375
787 0.4019737243652344
787 0.209808349609375
787 0.11491775512695312
785 0.30112266540527344
785 0.04506111145019531
785 0.1728534698486328
785 0.20313262939453125
785 0.20599365234375
785 0.09512901306152344
785 0.19621849060058594
774 0.10180473327636719
774 0.1659393310546875
771 0.09894371032714844
771 0.12493133544921875
753 0.17404556274414062
753 0.1800060272216797
753 0.2110004425048828
753 0.20194053649902344
753 0.05793571472167969
744 0.3020763397216797
744 0.3180503845214844
744 0.05793571472167969
744 0.10085105895996094
744 0.20885467529296875
744 0.23794174194335938
744 0.12278556823730469
744 0.225067138671875
744 0.14901161193847656
743 0.2028942108154297
743 0.07987022399902344
743 0.05817413330078125
743 0.05507469177246094
743 0.12493133544921875
743 0.1728534698486328
743 0.050067901611328125
743 0.1251697540283203
743 0.16617774963378906
743 0.055789947509765625
743 0.15807151794433594
743 0.05507469177246094
743 0.12803077697753906
743 0.07891654968261719
742 0.15306472778320312
739 0.1049041748046875
739 0.18787384033203125
739 0.008106231689453125
739 0.04410743713378906
739 0.05507469177246094
739 0.19097328186035156
739 0.09799003601074219
739 0.07104873657226562
732 0.11396408081054688
732 0.08106231689453125
732 0.141143798828125
732 0.17905235290527344
732 0.03409385681152344
732 0.13113021850585938
732 0.13017654418945312
732 0.06318092346191406
732 0.03910064697265625
725 0.20003318786621094
725 0.1628398895263672
725 0.1239776611328125
725 0.0629425048828125
719 0.12183189392089844
719 0.141143798828125
719 0.08320808410644531
719 0.052928924560546875
719 0.11205673217773438
719 0.15306472778320312
719 0.08392333984375
719 0.050067901611328125
719 0.1251697540283203
719 0.07104873657226562
719 0.1621246337890625
719 0.11801719665527344
719 0.10991096496582031
719 0.16999244689941406
719 0.04100799560546875
719 0.13399124145507812
719 0.04887580871582031
713 0.15497207641601562
706 0.12493133544921875
700 0.17189979553222656
700 0.15282630920410156
700 0.16999244689941406
700 0.1308917999267578
700 0.09989738464355469
694 0.1990795135498047
694 0.16617774963378906
694 0.1399517059326172
694 0.1609325408935547
694 0.08797645568847656
691 0.13184547424316406
691 0.20194053649902344
691 0.09703636169433594
691 0.09107589721679688
691 0.08106231689453125
691 0.13208389282226562
691 0.16999244689941406
690 0.1659393310546875
690 0.1499652862548828
690 0.11491775512695312
686 0.1938343048095703
686 0.10609626770019531
686 0.03600120544433594
686 0.07700920104980469
682 0.03814697265625
679 0.15401840209960938
679 0.14495849609375
679 0.32901763916015625
674 0.10895729064941406
674 0.04601478576660156
674 0.1862049102783203
674 0.03910064697265625
674 0.18596649169921875
674 0.28586387634277344
674 0.34499168395996094
674 0.30803680419921875
674 0.14495849609375
663 0.27489662170410156
663 0.11801719665527344
663 0.2999305725097656
663 0.3039836883544922
663 0.07081031799316406
663 0.2582073211669922
663 0.22411346435546875
663 0.23317337036132812
663 0.11396408081054688
663 0.15497207641601562
663 0.17189979553222656
663 0.18906593322753906
663 0.1220703125
663 0.10800361633300781
663 0.22411346435546875
663 0.0438690185546875
663 0.23293495178222656
663 0.15687942504882812
663 0.14209747314453125
663 0.15592575073242188
663 0.17499923706054688
663 0.06222724914550781
663 0.04601478576660156
663 0.18215179443359375
663 0.1239776611328125
659 0.22602081298828125
659 0.24890899658203125
659 0.13017654418945312
659 0.11515617370605469
659 0.15783309936523438
657 0.20503997802734375
657 0.11706352233886719
657 0.009059906005859375
657 0.33402442932128906
651 0.2639293670654297
651 0.11682510375976562
651 0.2980232238769531
650 0.1900196075439453
650 0.10585784912109375
650 0.2980232238769531
646 0.13399124145507812
646 0.16117095947265625
646 0.09298324584960938
639 0.07510185241699219
639 0.14901161193847656
634 0.10704994201660156
634 0.08296966552734375
634 0.04601478576660156
634 0.033855438232421875
634 0.07200241088867188
634 0.03600120544433594
634 0.04506111145019531
634 0.13399124145507812
634 0.17690658569335938
634 0.05316734313964844
634 0.11301040649414062
634 0.14901161193847656
631 0.25010108947753906
631 0.11706352233886719
631 0.0438690185546875
631 0.13709068298339844
631 0.21910667419433594
631 0.15997886657714844
631 0.2090930938720703
631 0.033855438232421875
631 0.0820159912109375
631 0.06699562072753906
631 0.08296966552734375
631 0.12087821960449219
631 0.027894973754882812
631 0.13208389282226562
631 0.24008750915527344
631 0.12111663818359375
631 0.055789947509765625
631 0.13303756713867188
631 0.11014938354492188
631 0.09608268737792969
631 0.11610984802246094
631 0.12183189392089844
631 0.051021575927734375
631 0.09012222290039062
631 0.06008148193359375
631 0.10895729064941406
628 0.11801719665527344
628 0.1308917999267578
628 0.008106231689453125
628 0.0400543212890625
628 0.1480579376220703
625 0.14901161193847656
625 0.1480579376220703
625 0.1609325408935547
625 0.07009506225585938
625 0.11706352233886719
625 0.053882598876953125
625 0.10895729064941406
625 0.08988380432128906
625 0.15497207641601562
625 0.23102760314941406
625 0.12183189392089844
625 0.18596649169921875
625 0.03981590270996094
625 0.09918212890625
625 0.15211105346679688
625 0.11181831359863281
625 0.09107589721679688
625 0.054836273193359375
622 0.1800060272216797
622 0.3120899200439453
622 0.08988380432128906
622 0.008821487426757812
622 0.09298324584960938
622 0.36215782165527344
622 0.3628730773925781
622 0.06890296936035156
620 0.19598007202148438
620 0.09012222290039062
620 0.11110305786132812
614 0.1399517059326172
614 0.11086463928222656
614 0.1399517059326172
608 0.14400482177734375
608 0.12612342834472656
608 0.055789947509765625
608 0.14209747314453125
608 0.029087066650390625
608 0.08988380432128906
600 0.16689300537109375
600 0.10395050048828125
600 0.11110305786132812
600 0.2079010009765625
600 0.07605552673339844
600 0.16498565673828125
599 0.16117095947265625
599 0.09298324584960938
599 0.1850128173828125
575 0.07295608520507812
575 0.03790855407714844
575 0.05817413330078125
575 0.141143798828125
575 0.0782012939453125
575 0.16999244689941406
575 0.04100799560546875
575 0.18715858459472656
575 0.20503997802734375
575 0.1239776611328125
575 0.0400543212890625
575 0.1380443572998047
575 0.0438690185546875
575 0.1468658447265625
575 0.1659393310546875
575 0.1049041748046875
575 0.0820159912109375
573 0.07605552673339844
573 0.1327991485595703
573 0.1270771026611328
570 0.05602836608886719
563 0.05888938903808594
562 0.1480579376220703
562 0.048160552978515625
562 0.13208389282226562
562 0.17786026000976562
562 0.1430511474609375
559 0.15807151794433594
559 0.14591217041015625
559 0.09584426879882812
559 0.04696846008300781
559 0.0858306884765625
559 0.0438690185546875
559 0.12493133544921875
559 0.21409988403320312
559 0.17905235290527344
557 0.06198883056640625
551 0.051021575927734375
551 0.19407272338867188
551 0.04696846008300781
551 0.06508827209472656
548 0.1590251922607422
548 0.04887580871582031
548 0.11110305786132812
548 0.11110305786132812
548 0.08320808410644531
548 0.21910667419433594
548 0.051975250244140625
548 0.052928924560546875
548 0.050067901611328125
548 0.102996826171875
545 0.13589859008789062
543 0.08893013000488281
543 0.0858306884765625
543 0.15997886657714844
543 0.08082389831542969
543 0.050067901611328125
543 0.11396408081054688
543 0.20599365234375
538 0.03886222839355469
538 0.028848648071289062
536 0.07295608520507812
536 0.16689300537109375
536 0.18286705017089844
536 0.11491775512695312
536 0.03504753112792969
536 0.21576881408691406
536 0.1010894775390625
524 0.06890296936035156
524 0.14591217041015625
524 0.18477439880371094
524 0.03600120544433594
524 0.06699562072753906
524 0.1289844512939453
524 0.15497207641601562
524 0.07486343383789062
524 0.030040740966796875
524 0.050067901611328125
524 0.21696090698242188
516 0.1499652862548828
516 0.06198883056640625
516 0.18095970153808594
516 0.05602836608886719
516 0.09679794311523438
516 0.1430511474609375
516 0.04887580871582031
516 0.04601478576660156
516 0.05698204040527344
510 0.1678466796875
509 0.21696090698242188
509 0.13899803161621094
509 0.08988380432128906
509 0.17189979553222656
504 0.30994415283203125
504 0.07009506225585938
504 0.17404556274414062
504 0.03218650817871094
504 0.102996826171875
504 0.009059906005859375
504 0.1990795135498047
503 0.18596649169921875
503 0.07295608520507812
503 0.1289844512939453
501 0.05507469177246094
501 0.10395050048828125
501 0.3299713134765625
501 0.37598609924316406
501 0.07486343383789062
501 0.2048015594482422
501 0.15282630920410156
501 0.16808509826660156
501 0.25582313537597656
501 0.08893013000488281
501 0.06198883056640625
495 0.11491775512695312
495 0.14495849609375
495 0.04696846008300781
495 0.3330707550048828
495 0.15807151794433594
495 0.15807151794433594
495 0.1068115234375
490 0.11205673217773438
490 0.1308917999267578
490 0.05984306335449219
490 0.2300739288330078
490 0.04696846008300781
485 0.03886222839355469
485 0.08702278137207031
485 0.1780986785888672
485 0.05817413330078125
485 0.1430511474609375
482 0.1571178436279297
482 0.03314018249511719
482 0.1201629638671875
482 0.0591278076171875
482 0.15306472778320312
482 0.13113021850585938
480 0.15783309936523438
480 0.12803077697753906
480 0.029802322387695312
480 0.10704994201660156
480 0.15211105346679688
480 0.18787384033203125
480 0.1690387725830078
480 0.18095970153808594
480 0.18596649169921875
480 0.29397010803222656
480 0.1361370086669922
480 0.09179115295410156
480 0.2079010009765625
480 0.08893013000488281
480 0.16808509826660156
480 0.07891654968261719
480 0.125885009765625
480 0.164031982421875
480 0.28586387634277344
480 0.1571178436279297
480 0.14591217041015625
480 0.13518333435058594
480 0.23603439331054688
480 0.06914138793945312
480 0.03600120544433594
480 0.1430511474609375
478 0.051021575927734375
478 0.05507469177246094
478 0.08296966552734375
478 0.10609626770019531
478 0.11897087097167969
478 0.06794929504394531
478 0.07390975952148438
478 0.051021575927734375
478 0.22220611572265625
478 0.08106231689453125
473 0.11205673217773438
473 0.10204315185546875
473 0.10704994201660156
473 0.20599365234375
473 0.15091896057128906
473 0.0400543212890625
473 0.0591278076171875
460 0.06914138793945312
460 0.2129077911376953
460 0.1780986785888672
460 0.07796287536621094
460 0.1380443572998047
460 0.08082389831542969
460 0.09989738464355469
460 0.2040863037109375
460 0.15306472778320312
460 0.04792213439941406
460 0.1800060272216797
460 0.1270771026611328
460 0.05984306335449219
460 0.18906593322753906
460 0.17213821411132812
460 0.0438690185546875
460 0.007867813110351562
460 0.051021575927734375
460 0.09703636169433594
460 0.06508827209472656
460 0.08392333984375
460 0.15401840209960938
460 0.13399124145507812
460 0.225067138671875
460 0.04982948303222656
460 0.11897087097167969
460 0.18405914306640625
460 0.12803077697753906
460 0.04887580871582031
460 0.1888275146484375
460 0.04601478576660156
460 0.08106231689453125
460 0.041961669921875
460 0.2582073211669922
460 0.1709461212158203
460 0.12087821960449219
460 0.09608268737792969
460 0.1270771026611328
460 0.04887580871582031
460 0.20503997802734375
460 0.3409385681152344
460 0.18286705017089844
460 0.24890899658203125
460 0.2319812774658203
460 0.3199577331542969
460 0.052928924560546875
460 0.21696090698242188
460 0.4642009735107422
460 0.2110004425048828
460 0.1690387725830078
460 0.09894371032714844
460 0.03790855407714844
460 0.04291534423828125
460 0.11491775512695312
460 0.04887580871582031
460 0.1220703125
460 0.008821487426757812
460 0.08988380432128906
460 0.1690387725830078
459 0.07700920104980469
459 0.009059906005859375
459 0.3018379211425781
459 0.16999244689941406
459 0.2541542053222656
458 0.15306472778320312
458 0.12683868408203125
458 0.1239776611328125
458 0.1480579376220703
458 0.051021575927734375
458 0.09298324584960938
458 0.05793571472167969
458 0.0858306884765625
458 0.07605552673339844
458 0.09584426879882812
458 0.20813941955566406
458 0.15807151794433594
458 0.148773193359375
457 0.21791458129882812
457 0.22101402282714844
457 0.20694732666015625
457 0.3809928894042969
457 0.1239776611328125
457 0.13399124145507812
454 0.26988983154296875
454 0.04792213439941406
454 0.1270771026611328
454 0.17881393432617188
454 0.06699562072753906
454 0.1800060272216797
454 0.1728534698486328
454 0.052928924560546875
454 0.15497207641601562
454 0.22220611572265625
454 0.1990795135498047
454 0.064849853515625
454 0.14901161193847656
454 0.1709461212158203
454 0.1659393310546875
454 0.09799003601074219
454 0.14400482177734375
454 0.13709068298339844
454 0.08487701416015625
447 0.1537799835205078
443 0.09799003601074219
443 0.08893013000488281
436 0.18405914306640625
436 0.15115737915039062
436 0.1900196075439453
436 0.13709068298339844
436 0.0629425048828125
436 0.07891654968261719
436 0.06794929504394531
436 0.11897087097167969
436 0.13113021850585938
436 0.0438690185546875
435 0.033855438232421875
435 0.1308917999267578
435 0.07796287536621094
435 0.08988380432128906
435 0.07390975952148438
435 0.06103515625
435 0.05817413330078125
435 0.11014938354492188
435 0.11110305786132812
435 0.1361370086669922
435 0.13399124145507812
435 0.06103515625
435 0.13399124145507812
435 0.13709068298339844
435 0.14090538024902344
435 0.04696846008300781
435 0.19097328186035156
435 0.09012222290039062
435 0.1480579376220703
435 0.11801719665527344
435 0.13709068298339844
435 0.19407272338867188
431 0.102996826171875
431 0.13780593872070312
431 0.1380443572998047
429 0.09703636169433594
427 0.11205673217773438
427 0.07200241088867188
427 0.11801719665527344
427 0.055789947509765625
427 0.06008148193359375
427 0.09298324584960938
427 0.1430511474609375
427 0.10085105895996094
427 0.12302398681640625
427 0.07009506225585938
427 0.13709068298339844
427 0.09417533874511719
427 0.1289844512939453
427 0.2219676971435547
427 0.08296966552734375
427 0.4248619079589844
427 0.4470348358154297
427 0.2110004425048828
427 0.08296966552734375
427 0.13303756713867188
427 0.11491775512695312
427 0.1628398895263672
427 0.07891654968261719
427 0.22983551025390625
427 0.031948089599609375
427 0.08606910705566406
427 0.10800361633300781
427 0.05316734313964844
427 0.0820159912109375
427 0.09799003601074219
427 0.09584426879882812
427 0.06699562072753906
427 0.06794929504394531
427 0.10418891906738281
427 0.15997886657714844
427 0.07390975952148438
427 0.25200843811035156
427 0.2510547637939453
427 0.17499923706054688
427 0.16021728515625
427 0.04696846008300781
427 0.1780986785888672
427 0.14090538024902344
427 0.08893013000488281
427 0.19502639770507812
427 0.1327991485595703
427 0.05602836608886719
427 0.13184547424316406
427 0.13589859008789062
427 0.10800361633300781
427 0.12993812561035156
427 0.04100799560546875
427 0.03409385681152344
427 0.15401840209960938
427 0.07390975952148438
427 0.1659393310546875
427 0.21696090698242188
427 0.2219676971435547
427 0.11396408081054688
427 0.12302398681640625
427 0.2200603485107422
427 0.125885009765625
427 0.2090930938720703
427 0.03886222839355469
427 0.04792213439941406
423 0.07891654968261719
423 0.17905235290527344
423 0.04291534423828125
423 0.21886825561523438
423 0.13589859008789062
423 0.13589859008789062
421 0.11205673217773438
421 0.07987022399902344
421 0.07486343383789062
421 0.05888938903808594
421 0.13589859008789062
421 0.10895729064941406
421 0.1308917999267578
421 0.08296966552734375
417 0.1919269561767578
417 0.009059906005859375
417 0.18095970153808594
417 0.05412101745605469
417 0.06818771362304688
417 0.09894371032714844
417 0.07390975952148438
417 0.09608268737792969
417 0.0591278076171875
417 0.20503997802734375
417 0.07295608520507812
417 0.0858306884765625
417 0.11587142944335938
417 0.07987022399902344
417 0.04696846008300781
417 0.18405914306640625
417 0.11706352233886719
417 0.07700920104980469
417 0.05793571472167969
417 0.03409385681152344
417 0.07700920104980469
417 0.13399124145507812
417 0.11897087097167969
417 0.19598007202148438
410 0.09298324584960938
410 0.041961669921875
405 0.07390975952148438
405 0.05507469177246094
405 0.07605552673339844
405 0.15115737915039062
405 0.03981590270996094
405 0.028848648071289062
405 0.17595291137695312
405 0.1919269561767578
405 0.06389617919921875
405 0.0438690185546875
405 0.04792213439941406
405 0.14901161193847656
405 0.17499923706054688
405 0.03600120544433594
405 0.030040740966796875
405 0.11086463928222656
405 0.1010894775390625
