298644 1410.7191562652588
298624 5.356073379516602
298605 16.097068786621094
298576 9.184122085571289
298576 2.477884292602539
298556 11.348962783813477
298498 13.585090637207031
298498 22.310972213745117
298498 9.690999984741211
298485 6.009817123413086
298462 10.267972946166992
298448 4.1179656982421875
298448 12.755155563354492
298445 3.6220550537109375
298442 1.611948013305664
298436 11.424064636230469
298436 10.270833969116211
298428 17.570972442626953
298428 0.5538463592529297
298420 8.194923400878906
298420 0.8790493011474609
298399 10.94198226928711
298399 19.450902938842773
298395 2.028226852416992
298395 14.439105987548828
298373 14.206171035766602
298368 9.005069732666016
298368 3.489971160888672
298359 4.535198211669922
298350 1.5571117401123047
298350 1.3918876647949219
298350 2.3469924926757812
298339 17.865896224975586
298333 7.230997085571289
298333 5.258083343505859
298298 13.720989227294922
298281 0.6899833679199219
298265 10.308027267456055
298246 1.7049312591552734
298229 11.97195053100586
298208 7.848978042602539
298189 4.047870635986328
298174 13.515949249267578
298166 9.31406021118164
298166 7.512807846069336
298165 7.564067840576172
298165 13.041019439697266
298162 18.275022506713867
298154 9.968042373657227
298154 10.02192497253418
298134 21.41714096069336
298096 6.994962692260742
298096 14.552831649780273
298085 7.289886474609375
298021 0.5090236663818359
297978 11.368989944458008
297978 1.0170936584472656
297977 11.507987976074219
297977 0.9930133819580078
297977 19.315004348754883
297925 9.768962860107422
297919 13.303041458129883
297919 13.61703872680664
297912 17.709970474243164
297912 1.219034194946289
297912 0.1239776611328125
297912 7.657051086425781
297912 17.616987228393555
297885 11.210918426513672
297885 2.0151138305664062
297885 1.291036605834961
297885 1.010894775390625
297848 1.9021034240722656
297848 12.165069580078125
297845 7.80797004699707
297845 10.789871215820312
297806 11.096000671386719
297754 11.947870254516602
297754 1.2760162353515625
297754 0.3750324249267578
297700 14.137983322143555
297700 16.160011291503906
297691 1.0449886322021484
297637 15.648126602172852
297614 1.4948844909667969
297603 2.209901809692383
297594 14.93978500366211
297593 2.646207809448242
297593 1.432180404663086
297584 21.054983139038086
297580 1.4939308166503906
297580 19.357919692993164
297580 10.645151138305664
297580 8.316993713378906
297567 0.13113021850585938
297567 1.6078948974609375
297567 20.84207534790039
297566 3.9169788360595703
297566 10.825157165527344
297488 0.49805641174316406
297488 5.786895751953125
297465 11.47007942199707
297446 15.947818756103516
297441 16.642093658447266
297441 15.600919723510742
297436 1.79290771484375
297435 7.874965667724609
297390 14.525890350341797
297390 21.938085556030273
297363 0.3199577331542969
297335 2.4750232696533203
297319 0.5810260772705078
297312 9.541988372802734
297234 12.471199035644531
297229 1.0499954223632812
297164 0.492095947265625
297164 0.8051395416259766
297144 9.05299186706543
297137 6.881952285766602
297137 1.1529922485351562
297131 19.090890884399414
297131 7.702112197875977
297131 14.667987823486328
297129 1.85394287109375
297117 9.059906005859375
297117 12.048959732055664
297115 12.853860855102539
297115 16.839981079101562
297115 1.4748573303222656
297115 13.123035430908203
297042 13.664960861206055
297024 20.19810676574707
297024 12.374162673950195
297024 2.888917922973633
297024 11.397123336791992
296995 9.428024291992188
296995 15.18106460571289
296991 2.1619796752929688
296991 8.239984512329102
296948 15.195131301879883
296948 16.88098907470703
296948 2.3789405822753906
296917 17.442941665649414
296915 8.49294662475586
296915 0.8399486541748047
296885 17.796993255615234
296885 7.850170135498047
296885 5.62596321105957
296872 5.604982376098633
296872 7.043123245239258
296806 0.7410049438476562
296749 1.8038749694824219
296749 7.220983505249023
296727 17.166852951049805
296710 4.745960235595703
296710 14.540910720825195
296710 12.721061706542969
296627 18.702030181884766
296622 0.7579326629638672
296622 1.0619163513183594
296610 12.675046920776367
296555 9.084939956665039
296555 8.127927780151367
296553 13.728857040405273
296538 6.891012191772461
296518 11.424064636230469
296506 0.28204917907714844
296470 3.2072067260742188
296458 9.824991226196289
296452 12.943029403686523
296414 17.715930938720703
296414 8.182048797607422
296414 8.944034576416016
296414 19.009113311767578
296393 3.648996353149414
296393 22.713184356689453
296393 21.950960159301758
296393 11.69896125793457
296392 22.912025451660156
296389 14.87112045288086
296382 29.330015182495117
296382 10.776042938232422
296377 10.664939880371094
296377 1.0030269622802734
296353 17.822980880737305
296353 12.480974197387695
296353 7.654905319213867
296353 1.6520023345947266
296353 13.463020324707031
296315 7.651805877685547
296308 1.661062240600586
296308 16.036033630371094
296295 6.332874298095703
296282 8.30388069152832
296282 2.22015380859375
296282 1.9989013671875
296272 11.993169784545898
296272 1.438140869140625
296264 14.54305648803711
296245 1.634836196899414
296245 9.217023849487305
296245 10.164022445678711
296238 1.1141300201416016
296226 23.839950561523438
296226 11.79814338684082
296142 22.89295196533203
296142 1.9969940185546875
296103 0.4761219024658203
296073 3.804922103881836
296073 12.042999267578125
296073 4.515171051025391
296073 2.441883087158203
296062 12.972831726074219
296062 5.448102951049805
296031 10.19597053527832
296019 4.168987274169922
295998 21.94690704345703
295998 1.0139942169189453
295942 0.759124755859375
295942 10.556936264038086
295937 18.67389678955078
295925 8.560895919799805
295873 2.0890235900878906
295873 4.381895065307617
295786 16.7388916015625
295786 14.175891876220703
295786 19.696950912475586
295781 10.905981063842773
295730 1.631021499633789
295730 7.717132568359375
295730 21.69513702392578
295730 1.2319087982177734
295730 9.251117706298828
295719 14.601945877075195
295706 4.737138748168945
295706 13.242006301879883
295700 1.3458728790283203
295700 1.1088848114013672
295700 11.96599006652832
295700 10.36214828491211
295700 20.045042037963867
295681 0.7741451263427734
295675 2.6459693908691406
295675 19.704103469848633
295664 13.701915740966797
295635 0.9191036224365234
295635 3.323078155517578
295626 10.987043380737305
295610 9.624004364013672
295586 0.1919269561767578
295581 2.3620128631591797
295557 6.022930145263672
295546 5.452871322631836
295546 4.818916320800781
295546 9.912967681884766
295527 15.429973602294922
295522 14.29605484008789
295492 10.295867919921875
295489 14.25790786743164
295477 14.600992202758789
295447 17.398834228515625
295406 10.05697250366211
295406 1.6188621520996094
295395 0.3249645233154297
295388 7.561922073364258
295377 1.8091201782226562
295357 14.609098434448242
295338 1.0099411010742188
295301 19.515037536621094
295292 4.618167877197266
295292 12.76707649230957
295292 16.23988151550293
295292 0.5688667297363281
295222 5.609035491943359
295222 14.91403579711914
295222 0.7650852203369141
295136 7.477045059204102
295101 0.6999969482421875
295101 4.759073257446289
295084 11.027097702026367
295084 0.9062290191650391
295084 12.826919555664062
295064 19.119977951049805
295064 6.951093673706055
295064 14.754056930541992
295064 2.331972122192383
295021 0.34999847412109375
294994 13.120174407958984
294978 0.12803077697753906
294967 1.8010139465332031
294929 1.7871856689453125
294920 0.8709430694580078
294920 7.736921310424805
294920 21.929025650024414
294904 17.71998405456543
294904 8.835077285766602
294904 6.086111068725586
294904 5.156040191650391
294884 10.935068130493164
294884 0.881195068359375
294884 3.8390159606933594
294875 2.3789405822753906
294875 1.1909008026123047
294864 2.599954605102539
294864 4.659891128540039
294864 11.365890502929688
294846 2.2940635681152344
294778 10.736227035522461
294778 14.256954193115234
294778 3.1020641326904297
294727 2.7191638946533203
294683 24.203062057495117
294667 15.800952911376953
294630 8.152961730957031
294590 5.115985870361328
294590 14.169931411743164
294554 5.058050155639648
294532 4.822969436645508
294511 5.066871643066406
294511 1.2660026550292969
294511 0.5838871002197266
294511 24.26290512084961
294500 14.758110046386719
294489 5.349159240722656
294489 14.564990997314453
294489 1.4600753784179688
294479 1.0001659393310547
294474 9.464025497436523
294456 1.1451244354248047
294456 17.68016815185547
294423 16.576051712036133
294418 18.6309814453125
294397 11.416196823120117
294397 1.0280609130859375
294397 0.4718303680419922
294397 0.11086463928222656
294397 15.37179946899414
294397 28.87701988220215
294372 2.814054489135742
294357 22.216081619262695
294357 9.451866149902344
294347 10.017871856689453
294347 15.516042709350586
294347 1.0340213775634766
294306 13.971090316772461
294290 21.053075790405273
294281 1.8639564514160156
294268 5.886077880859375
294268 17.91214942932129
294268 2.6857852935791016
294230 15.94400405883789
294230 2.1331310272216797
294219 0.5099773406982422
294166 0.10800361633300781
294155 1.3110637664794922
294145 4.942893981933594
294111 19.708871841430664
294111 3.11279296875
294042 6.102085113525391
294042 1.4009475708007812
294042 11.179924011230469
294042 9.557008743286133
294033 4.818916320800781
294033 10.390996932983398
293949 0.11301040649414062
293899 5.100011825561523
293899 7.584810256958008
293899 3.6590099334716797
293852 14.055013656616211
293837 1.5978813171386719
293837 11.111021041870117
293837 21.38805389404297
293793 1.4710426330566406
293793 3.442049026489258
293793 2.9189586639404297
293793 6.800174713134766
293793 15.98811149597168
293788 0.3070831298828125
293788 15.607118606567383
293788 2.3767948150634766
293788 13.541936874389648
293750 3.5619735717773438
293702 12.367963790893555
293661 16.537904739379883
293657 8.749008178710938
293598 11.139154434204102
293593 13.966083526611328
293559 18.616914749145508
293539 18.281936645507812
293539 16.20197296142578
293539 3.0798912048339844
293502 1.672983169555664
293478 8.12983512878418
293478 10.061979293823242
293478 16.670942306518555
293478 0.2961158752441406
293474 0.7698535919189453
293464 6.619930267333984
293458 0.37384033203125
293440 3.549814224243164
293440 16.023874282836914
293434 0.4019737243652344
293423 11.681079864501953
293423 1.1820793151855469
293423 9.757041931152344
293409 2.234935760498047
293409 23.1020450592041
293409 12.147903442382812
293409 21.9881534576416
293390 14.474153518676758
293390 16.941070556640625
293383 1.5900135040283203
293341 0.7939338684082031
293341 17.064809799194336
293338 17.305850982666016
293325 18.36991310119629
293319 11.885881423950195
293304 1.2400150299072266
293289 18.867015838623047
293285 16.659975051879883
293278 7.569074630737305
293278 2.135038375854492
293278 20.051002502441406
293270 3.8819313049316406
293257 14.010906219482422
293237 14.014005661010742
293237 10.782003402709961
293210 16.863107681274414
293195 15.478134155273438
293195 17.714977264404297
293195 1.8219947814941406
293189 8.949041366577148
293189 7.4920654296875
293189 1.4801025390625
293189 5.630016326904297
293112 6.302118301391602
293085 16.01696014404297
293085 2.532958984375
293075 18.555879592895508
293045 5.722999572753906
293045 1.6169548034667969
292994 1.7499923706054688
292992 8.131980895996094
292992 24.41716194152832
292942 1.0769367218017578
292942 9.78994369506836
292942 0.80108642578125
292930 1.516103744506836
292930 9.588003158569336
292900 19.720077514648438
292827 6.299018859863281
292827 8.935928344726562
292827 3.9398670196533203
292796 0.2899169921875
292709 10.905981063842773
292709 11.885881423950195
292709 12.867927551269531
292699 7.5359344482421875
292678 14.435052871704102
292673 1.2941360473632812
292627 10.509967803955078
292619 18.594980239868164
292617 11.841058731079102
292617 15.978813171386719
292607 3.8909912109375
292607 11.291027069091797
292549 0.7390975952148438
292522 9.438037872314453
292522 2.279996871948242
292462 18.728971481323242
292419 8.051156997680664
292419 8.334159851074219
292412 20.38097381591797
292412 0.4410743713378906
292408 1.4960765838623047
292408 3.329038619995117
292387 12.469053268432617
292387 16.05391502380371
292363 9.814023971557617
292363 0.07486343383789062
292363 4.873037338256836
292331 17.048120498657227
292331 11.955976486206055
292331 10.828018188476562
292311 5.228996276855469
292305 1.0077953338623047
292305 14.935016632080078
292305 10.684967041015625
292299 0.4601478576660156
292270 3.648996353149414
292248 12.645959854125977
292248 0.36406517028808594
292248 0.9870529174804688
292227 8.069038391113281
292227 13.707876205444336
292219 8.01706314086914
292198 10.87498664855957
292102 1.6460418701171875
292102 9.073019027709961
292102 0.23102760314941406
292102 0.8401870727539062
292102 10.486125946044922
292097 2.307891845703125
292097 14.703989028930664
292079 13.056039810180664
292079 11.27004623413086
292079 14.969110488891602
292055 0.37407875061035156
292055 10.3759765625
292035 13.35597038269043
292023 18.504858016967773
292023 17.95196533203125
292017 15.841960906982422
292000 1.2180805206298828
292000 12.29405403137207
292000 0.8959770202636719
292000 19.98591423034668
292000 3.3020973205566406
292000 15.233039855957031
291994 1.055002212524414
291994 20.48206329345703
291994 0.3581047058105469
291991 15.141963958740234
291991 18.56088638305664
291966 20.180940628051758
291953 8.491039276123047
291953 6.651878356933594
291936 13.154029846191406
291933 11.276006698608398
291933 1.2772083282470703
291870 3.8299560546875
291870 1.825094223022461
291858 11.29293441772461
291858 15.702009201049805
291858 15.564918518066406
291858 0.6070137023925781
291858 0.2460479736328125
291801 7.7991485595703125
291801 18.845081329345703
291788 0.9961128234863281
291761 15.976190567016602
291760 0.26607513427734375
291760 7.66301155090332
291760 6.912946701049805
291760 0.6239414215087891
291754 0.6499290466308594
291754 0.370025634765625
291718 0.35309791564941406
291711 4.480838775634766
291704 11.197090148925781
291704 7.066965103149414
291704 0.7150173187255859
291704 0.8051395416259766
291692 11.535882949829102
291643 9.248018264770508
291640 8.675098419189453
291640 0.4451274871826172
291640 11.374950408935547
291640 15.210151672363281
291633 5.254983901977539
291633 9.999990463256836
291607 10.976076126098633
291589 17.850160598754883
291589 13.659000396728516
291589 0.9360313415527344
291589 17.53401756286621
291588 5.951166152954102
291565 8.340835571289062
291514 11.72018051147461
291512 16.260862350463867
291494 7.0648193359375
291482 1.91497802734375
291476 14.938831329345703
291476 12.787103652954102
291459 17.448902130126953
291459 1.461029052734375
291459 0.3490447998046875
291445 0.5347728729248047
291445 12.163162231445312
291445 10.902166366577148
291445 2.765178680419922
291429 0.09393692016601562
291429 0.5338191986083984
291429 1.0170936584472656
291429 7.513999938964844
291429 12.820959091186523
291429 1.0309219360351562
291429 2.173900604248047
291429 1.6460418701171875
291429 0.8161067962646484
291427 12.81595230102539
291411 1.107931137084961
291411 12.299060821533203
291392 15.815019607543945
291337 0.18405914306640625
291333 8.290767669677734
291321 13.63992691040039
291320 12.237071990966797
291320 8.291959762573242
291313 7.103919982910156
291313 9.519815444946289
291313 7.080078125
291305 12.125015258789062
291244 1.850128173828125
291244 15.079975128173828
291237 6.104946136474609
291227 6.09588623046875
291227 9.484052658081055
291184 4.371881484985352
291158 8.84103775024414
291142 15.105962753295898
291142 1.2810230255126953
291142 1.3079643249511719
291132 2.643108367919922
291132 1.2638568878173828
291132 3.8979053497314453
291123 12.079000473022461
291063 7.571935653686523
291040 9.603023529052734
291040 13.092994689941406
291040 4.099845886230469
291040 1.6951560974121094
291022 7.905006408691406
290992 17.551898956298828
290992 12.867927551269531
290992 13.913869857788086
290992 10.917901992797852
290989 6.715059280395508
290974 16.2200927734375
290974 13.53597640991211
290962 1.3289451599121094
290950 13.11802864074707
290950 0.7178783416748047
290948 1.2409687042236328
290948 1.580953598022461
290948 4.186153411865234
290948 6.128072738647461
290948 12.058019638061523
290948 0.04982948303222656
290948 1.2040138244628906
290907 6.218194961547852
290894 10.280847549438477
290894 10.017156600952148
290891 2.4840831756591797
290840 10.030984878540039
290840 1.1081695556640625
290838 11.02304458618164
290838 0.2541542053222656
290838 12.775182723999023
290805 1.661062240600586
290780 7.915973663330078
290780 0.3840923309326172
290780 12.684106826782227
290780 14.961004257202148
290780 7.240056991577148
290780 5.630970001220703
290766 0.13780593872070312
290762 9.05609130859375
290710 2.0699501037597656
290701 7.6541900634765625
290701 14.251947402954102
290698 13.271093368530273
290651 1.7499923706054688
290651 0.8099079132080078
290643 1.850128173828125
290643 11.168956756591797
290643 2.4521350860595703
290624 10.462045669555664
290624 2.5970935821533203
290624 10.068893432617188
290571 1.7011165618896484
290558 2.9969215393066406
290558 4.996061325073242
290558 13.946771621704102
290558 9.580135345458984
290558 12.470006942749023
290497 13.189077377319336
290485 13.318061828613281
290473 0.7078647613525391
290467 7.560014724731445
290467 1.3849735260009766
290442 1.3051033020019531
290439 14.600038528442383
290431 4.597902297973633
290424 11.66081428527832
290424 10.737180709838867
290401 2.699136734008789
290393 0.4730224609375
290390 2.006053924560547
290349 3.648042678833008
290316 0.10609626770019531
290316 0.06198883056640625
290316 2.6700496673583984
290240 12.089967727661133
290237 0.18596649169921875
290176 3.3600330352783203
290162 15.290975570678711
290152 9.763002395629883
290147 1.2230873107910156
290120 13.499975204467773
290120 4.691839218139648
290111 2.6040077209472656
290079 10.31804084777832
290079 1.3399124145507812
290066 6.545066833496094
290055 1.7669200897216797
290055 8.188962936401367
290055 1.497030258178711
290055 14.728069305419922
290055 8.059024810791016
290055 12.211084365844727
290055 1.7931461334228516
290035 3.2320022583007812
289989 8.719921112060547
289989 7.256031036376953
289989 11.75689697265625
289989 1.271963119506836
289988 3.6089420318603516
289988 0.514984130859375
289967 1.1501312255859375
289945 14.657974243164062
289935 0.4818439483642578
289906 4.515886306762695
289859 1.8239021301269531
289859 5.773067474365234
289853 0.41413307189941406
289853 14.556884765625
289853 10.513782501220703
289834 9.757041931152344
289834 4.733085632324219
289834 1.6589164733886719
289808 1.1510848999023438
289801 0.35881996154785156
289788 7.851839065551758
289788 2.1140575408935547
289777 16.46709442138672
289755 1.7850399017333984
289755 2.5441646575927734
289742 3.0579566955566406
289742 13.315916061401367
289742 3.100872039794922
289692 6.280183792114258
289692 4.767894744873047
289685 11.745929718017578
289685 11.246204376220703
289685 1.4338493347167969
289685 0.8440017700195312
289685 12.85409927368164
289685 3.3528804779052734
289685 14.724969863891602
289666 15.197038650512695
289647 5.543947219848633
289647 1.3189315795898438
289647 2.5839805603027344
289647 0.5078315734863281
289647 2.095937728881836
289647 12.783050537109375
289647 8.040189743041992
289623 0.6730556488037109
289622 5.966901779174805
289622 6.211996078491211
289618 3.9589405059814453
289618 1.344919204711914
289606 10.460138320922852
289606 6.127119064331055
289606 1.0180473327636719
289598 14.561176300048828
289561 4.230022430419922
289493 4.7969818115234375
289484 5.613088607788086
289484 1.7540454864501953
289477 4.961967468261719
289461 3.3059120178222656
289461 9.613037109375
289461 13.605833053588867
289461 15.398979187011719
289461 8.147001266479492
289461 4.750967025756836
289461 3.7620067596435547
289458 4.498004913330078
289458 1.0848045349121094
289433 2.0852088928222656
289433 8.851051330566406
289433 15.937089920043945
289433 15.624046325683594
289411 1.3990402221679688
289411 6.112813949584961
289406 0.9551048278808594
289361 5.06591796875
289361 1.5349388122558594
289361 1.5790462493896484
289328 0.9150505065917969
289328 0.7359981536865234
289328 6.932973861694336
289328 2.0759105682373047
289301 11.581182479858398
289301 8.054018020629883
289301 1.0519027709960938
289273 0.8749961853027344
289273 8.813858032226562
289273 10.185956954956055
289273 1.3530254364013672
289273 6.155967712402344
289261 0.37789344787597656
289261 1.4750957489013672
289261 14.535903930664062
289250 0.39887428283691406
289250 4.528999328613281
289250 9.237051010131836
289228 7.530927658081055
289228 2.5720596313476562
289186 9.11402702331543
289186 9.34290885925293
289186 6.563901901245117
289177 5.317211151123047
289113 14.21809196472168
289070 13.840913772583008
289046 2.438068389892578
289046 0.5841255187988281
289045 1.795053482055664
289045 7.30586051940918
289040 3.7238597869873047
289009 6.458044052124023
289000 1.531839370727539
289000 7.547140121459961
288965 0.7381439208984375
288961 13.934850692749023
288953 1.7390251159667969
288953 1.5499591827392578
288953 0.43320655822753906
288946 13.300895690917969
288946 3.319978713989258
288946 2.2940635681152344
288940 2.4819374084472656
288940 10.832071304321289
288928 15.616178512573242
288922 2.6159286499023438
288922 0.4191398620605469
288895 0.6480216979980469
288883 9.572029113769531
288879 6.706953048706055
288879 2.8159618377685547
288879 17.168045043945312
288843 3.6170482635498047
288773 0.5319118499755859
288773 1.1088848114013672
288773 3.6919116973876953
288773 5.675077438354492
288773 3.598928451538086
288734 7.465124130249023
288728 1.2021064758300781
288728 4.129886627197266
288728 7.233858108520508
288679 8.723020553588867
288679 2.126932144165039
288643 1.9779205322265625
288643 17.04883575439453
288643 9.865045547485352
288595 14.016151428222656
288552 2.8738975524902344
288522 14.267921447753906
288513 4.53495979309082
288510 1.634836196899414
288510 9.927988052368164
288510 10.513782501220703
288508 7.405996322631836
288496 6.123065948486328
288492 2.3140907287597656
288492 5.235910415649414
288479 9.419918060302734
288479 8.583784103393555
288479 1.8990039825439453
288479 5.623102188110352
288479 1.1229515075683594
288438 18.145084381103516
288438 2.3970603942871094
288438 5.982875823974609
288437 1.9719600677490234
288437 9.711027145385742
288388 2.6710033416748047
288382 3.010988235473633
288371 0.9539127349853516
288343 11.885881423950195
288343 13.416051864624023
288343 3.938913345336914
288343 0.7910728454589844
288343 0.0820159912109375
288311 4.036903381347656
288305 4.246950149536133
288305 0.09107589721679688
288270 15.806913375854492
288235 2.0780563354492188
288228 11.879920959472656
288228 1.0509490966796875
288223 2.179861068725586
288223 14.287948608398438
288205 14.503002166748047
288202 13.931035995483398
288193 10.805130004882812
288114 0.4291534423828125
288114 0.2529621124267578
288111 0.3330707550048828
288111 1.0111331939697266
288106 4.647016525268555
288106 15.37013053894043
288106 0.23412704467773438
288102 2.2199153900146484
288102 9.963035583496094
288081 2.0520687103271484
288081 14.889001846313477
288081 8.819103240966797
288067 4.116058349609375
288067 15.258073806762695
288067 0.1678466796875
288062 9.491920471191406
288055 2.249002456665039
288053 12.40396499633789
288009 1.950979232788086
288009 0.7450580596923828
288006 10.764122009277344
288006 13.586044311523438
288006 9.211063385009766
287976 0.13399124145507812
287976 12.438058853149414
287976 1.1820793151855469
287976 15.856027603149414
287976 10.775089263916016
287952 15.486955642700195
287921 0.3750324249267578
287921 4.36091423034668
287841 2.6340484619140625
287828 13.211965560913086
287823 0.5269050598144531
287823 6.19196891784668
287794 0.37598609924316406
287794 5.748987197875977
287794 17.210960388183594
287794 1.0650157928466797
287757 8.005142211914062
287757 0.7359981536865234
287757 2.1080970764160156
287757 14.611005783081055
287675 8.561849594116211
287633 1.4178752899169922
287613 11.057853698730469
287570 9.366989135742188
287569 5.092859268188477
287569 13.87786865234375
287569 12.124061584472656
287569 12.017965316772461
287569 6.204128265380859
287569 5.706071853637695
287549 13.284921646118164
287549 1.7502307891845703
287549 3.0519962310791016
287549 1.956939697265625
287528 0.11181831359863281
287475 12.746095657348633
287462 4.106998443603516
287462 8.049964904785156
287444 2.838134765625
287435 5.396842956542969
287378 3.674030303955078
287378 14.171838760375977
287378 2.029895782470703
287346 3.4341812133789062
287310 1.8510818481445312
287237 1.4870166778564453
287213 3.3111572265625
287176 1.8050670623779297
287176 13.300180435180664
287173 14.126062393188477
287173 16.27206802368164
287173 5.86390495300293
287101 1.728057861328125
287076 4.580974578857422
287066 12.113809585571289
287062 8.063077926635742
287061 1.1830329895019531
287061 16.241073608398438
287048 18.059968948364258
287048 4.818916320800781
287024 12.706995010375977
287024 7.340192794799805
286978 16.588211059570312
286972 9.099960327148438
286949 2.0608901977539062
286906 15.619039535522461
286906 0.8358955383300781
286906 1.3670921325683594
286898 1.6911029815673828
286898 11.535882949829102
286898 9.907960891723633
286898 13.508081436157227
286898 2.1529197692871094
286894 4.115104675292969
286878 0.6101131439208984
286878 14.100074768066406
286871 14.827966690063477
286871 15.814781188964844
286871 14.03498649597168
