18179 24.712085723876953
18170 0.5040168762207031
18163 1.4121532440185547
18163 0.8709430694580078
18159 0.3178119659423828
18151 0.43320655822753906
18145 1.2810230255126953
18110 0.5390644073486328
18110 1.177072525024414
18106 0.19693374633789062
18083 0.45800209045410156
18064 0.2849102020263672
18064 0.4570484161376953
18058 0.17380714416503906
18053 0.23794174194335938
18032 1.2958049774169922
18032 0.37407875061035156
18024 1.0669231414794922
17996 0.34499168395996094
17977 0.3330707550048828
17977 0.07891654968261719
17977 0.49185752868652344
17977 0.39386749267578125
17962 1.1010169982910156
17962 1.2090206146240234
17949 0.2651214599609375
17883 1.0080337524414062
17883 0.07414817810058594
17872 0.6949901580810547
17872 0.8101463317871094
17872 1.5611648559570312
17872 0.6308555603027344
17831 1.024007797241211
17824 0.576019287109375
17800 0.3781318664550781
17790 0.2899169921875
17790 0.48995018005371094
17777 0.1728534698486328
17776 1.123189926147461
17775 0.7190704345703125
17775 0.34308433532714844
17765 0.7040500640869141
17754 1.1670589447021484
17722 1.1560916900634766
17722 0.4069805145263672
17722 0.8461475372314453
17722 0.19121170043945312
17713 0.15783309936523438
17703 0.5381107330322266
17703 0.9238719940185547
17703 0.45108795166015625
17672 0.13899803161621094
17672 1.0919570922851562
17663 0.9579658508300781
17636 0.04506111145019531
17636 0.27489662170410156
17636 0.9059906005859375
17636 0.4799365997314453
17618 0.23484230041503906
17618 0.4730224609375
17618 0.49114227294921875
17595 0.17499923706054688
17580 0.27680397033691406
17552 0.07605552673339844
17552 0.1552104949951172
17540 0.2911090850830078
17540 0.4329681396484375
17540 0.8931159973144531
17518 0.6499290466308594
17518 0.6010532379150391
17506 0.13303756713867188
17506 0.4589557647705078
17487 0.11301040649414062
17487 0.8831024169921875
17480 0.2930164337158203
17480 0.22482872009277344
17465 0.14495849609375
17439 0.09703636169433594
17439 0.9438991546630859
17439 0.16307830810546875
17426 0.37384033203125
17426 0.17213821411132812
17406 0.5609989166259766
17383 0.5090236663818359
17383 0.21409988403320312
17368 0.34499168395996094
17362 0.3559589385986328
17362 0.244140625
17362 0.5881786346435547
17304 0.19407272338867188
17301 0.03886222839355469
17233 0.19788742065429688
17233 0.08702278137207031
17233 0.11396408081054688
17233 0.5099773406982422
17217 0.19097328186035156
17217 0.9350776672363281
17194 0.36406517028808594
17189 0.1652240753173828
17186 0.19598007202148438
17186 0.2601146697998047
17168 0.5340576171875
17165 0.18906593322753906
17165 0.6048679351806641
17165 0.08702278137207031
17123 0.6899833679199219
17059 0.8718967437744141
17059 0.5521774291992188
17059 0.07295608520507812
17020 0.9510517120361328
17001 0.4940032958984375
17000 0.13399124145507812
16995 0.12493133544921875
16981 1.0340213775634766
16966 0.3459453582763672
16944 0.1327991485595703
16944 0.9820461273193359
16944 0.3719329833984375
16941 0.6728172302246094
16941 0.49304962158203125
16941 0.3368854522705078
16941 0.5590915679931641
16936 1.0230541229248047
16934 0.5669593811035156
16923 0.3490447998046875
16923 0.38909912109375
16922 0.9989738464355469
16922 0.40912628173828125
16906 0.4677772521972656
16861 0.4990100860595703
16844 0.9870529174804688
16839 0.9050369262695312
16839 0.23794174194335938
16839 0.29587745666503906
16839 0.2410411834716797
16839 0.48995018005371094
16839 0.1609325408935547
16818 0.43702125549316406
16818 0.7419586181640625
16811 0.22411346435546875
16783 0.2372264862060547
16783 0.6711483001708984
16783 0.1010894775390625
16783 0.9620189666748047
16775 0.13113021850585938
16752 0.22482872009277344
16752 0.4150867462158203
16752 0.6170272827148438
16732 0.43010711669921875
16732 0.07700920104980469
16721 0.15306472778320312
16707 0.15997886657714844
16696 0.11086463928222656
16696 0.17499923706054688
16696 0.3771781921386719
16696 0.9958744049072266
16696 0.05698204040527344
16637 0.18095970153808594
16609 0.6589889526367188
16571 0.5190372467041016
16545 0.09298324584960938
16513 0.21696090698242188
16513 0.10585784912109375
16510 0.8461475372314453
16494 0.2651214599609375
16450 0.1819133758544922
16432 0.8940696716308594
16428 0.1990795135498047
16427 0.12993812561035156
16411 0.7848739624023438
16403 0.9529590606689453
16403 0.08797645568847656
16403 0.1971721649169922
16403 0.20313262939453125
16376 1.0199546813964844
16376 0.11897087097167969
16376 0.9918212890625
16376 0.7340908050537109
16329 0.6098747253417969
16329 0.6330013275146484
16327 0.7951259613037109
16327 0.17714500427246094
16327 0.11301040649414062
16327 1.4929771423339844
16327 0.6499290466308594
16327 1.8680095672607422
16327 0.18477439880371094
16327 0.2949237823486328
16318 0.11396408081054688
16295 0.21910667419433594
16293 0.4611015319824219
16293 0.3209114074707031
16285 1.322031021118164
16268 0.10204315185546875
16268 0.34308433532714844
16268 1.5180110931396484
16249 0.6871223449707031
16244 1.065969467163086
16244 0.8599758148193359
16240 0.29087066650390625
16240 0.2319812774658203
16226 0.21195411682128906
16209 0.6649494171142578
16198 1.1730194091796875
16193 0.6470680236816406
16157 0.064849853515625
16157 0.5719661712646484
16157 0.6730556488037109
16157 0.08988380432128906
16110 1.2950897216796875
16110 0.9968280792236328
16110 0.1480579376220703
16110 1.1248588562011719
16110 0.5249977111816406
16076 0.8749961853027344
16076 1.1668205261230469
16041 1.1348724365234375
15994 0.7181167602539062
15994 0.07104873657226562
15994 1.8339157104492188
15976 0.10704994201660156
15966 0.15497207641601562
15966 0.30112266540527344
15966 0.6060600280761719
15926 0.9047985076904297
15926 1.3539791107177734
15926 0.20694732666015625
15926 0.9739398956298828
15898 0.5490779876708984
15898 0.7100105285644531
15898 0.19788742065429688
15898 0.2009868621826172
15898 0.4398822784423828
15883 0.6289482116699219
15883 0.3631114959716797
15866 0.1289844512939453
15864 0.102996826171875
15857 0.17786026000976562
15857 0.17404556274414062
15857 0.15592575073242188
15857 0.43892860412597656
15837 0.3960132598876953
15837 1.0159015655517578
15837 0.23794174194335938
15763 0.2560615539550781
15736 1.085042953491211
15736 0.10609626770019531
15685 0.9658336639404297
15670 0.1270771026611328
15658 0.29087066650390625
15632 1.3461112976074219
15632 0.08082389831542969
15592 0.4329681396484375
15588 0.3380775451660156
15588 0.2589225769042969
15547 0.7488727569580078
15547 0.30422210693359375
15529 0.15115737915039062
15525 0.5328655242919922
15517 0.35190582275390625
15516 0.2009868621826172
15516 0.102996826171875
15516 0.12803077697753906
15516 0.052928924560546875
15498 0.47397613525390625
15483 1.0039806365966797
15483 1.3599395751953125
15476 0.8981227874755859
15458 0.4818439483642578
15458 0.637054443359375
15458 0.6589889526367188
15458 0.6201267242431641
15458 1.7120838165283203
15430 0.9379386901855469
15380 1.5568733215332031
15380 1.9211769104003906
15379 0.2560615539550781
15367 1.2722015380859375
15367 1.1820793151855469
15354 0.26702880859375
15354 1.035928726196289
15354 0.6759166717529297
15349 1.2829303741455078
15349 1.1639595031738281
15349 0.6678104400634766
15349 0.3421306610107422
15329 0.15997886657714844
15319 0.12302398681640625
15319 0.9870529174804688
15319 0.5540847778320312
15315 0.37407875061035156
15274 0.17714500427246094
15274 1.386880874633789
15274 0.3750324249267578
15259 0.2570152282714844
15259 1.0218620300292969
15259 1.1081695556640625
15259 0.5948543548583984
15230 0.5719661712646484
15230 0.6489753723144531
15230 0.14710426330566406
15230 0.8041858673095703
15230 1.1181831359863281
15202 1.3878345489501953
15202 0.3120899200439453
15202 0.6339550018310547
15202 0.1049041748046875
15145 0.1690387725830078
15145 0.27489662170410156
15145 1.0879039764404297
15118 0.5080699920654297
15118 1.2018680572509766
15118 0.9410381317138672
15102 0.15497207641601562
15091 1.093149185180664
15091 0.38313865661621094
15086 0.8678436279296875
15076 0.19693374633789062
14999 0.3459453582763672
14999 1.2350082397460938
14999 1.3041496276855469
14999 0.24080276489257812
14997 0.05817413330078125
14947 1.2371540069580078
14923 0.07390975952148438
14923 0.6270408630371094
14923 0.25010108947753906
14889 0.9379386901855469
14889 0.9250640869140625
14854 0.8080005645751953
14853 0.4138946533203125
14853 0.22602081298828125
14840 0.12493133544921875
14840 0.11992454528808594
14840 0.8828639984130859
14840 0.5431175231933594
14840 1.2149810791015625
14840 0.08988380432128906
14814 0.5199909210205078
14814 0.053882598876953125
14814 0.4780292510986328
14814 0.2779960632324219
14814 0.19407272338867188
14814 0.7200241088867188
14810 0.5209445953369141
14810 0.5929470062255859
14803 0.8218288421630859
14796 0.06699562072753906
14796 0.06794929504394531
14796 0.5950927734375
14796 1.0361671447753906
14729 0.5497932434082031
14729 0.26798248291015625
14668 0.19311904907226562
14666 0.9391307830810547
14648 0.3008842468261719
14644 0.5059242248535156
14644 0.6880760192871094
14644 0.1819133758544922
14640 1.085042953491211
14640 0.5218982696533203
14637 0.7190704345703125
14614 0.19693374633789062
14609 0.1220703125
14585 1.0521411895751953
14545 0.37217140197753906
14545 0.7650852203369141
14545 0.15306472778320312
14531 0.7491111755371094
14522 1.283884048461914
14522 1.4150142669677734
14522 0.3399848937988281
14510 0.41985511779785156
14510 0.19097328186035156
14510 0.4360675811767578
14510 1.0039806365966797
14510 0.5490779876708984
14510 1.0569095611572266
14510 0.17595291137695312
14510 0.0820159912109375
14510 0.13208389282226562
14458 0.6690025329589844
14407 0.0820159912109375
14394 0.4420280456542969
14393 0.8349418640136719
14374 0.90789794921875
14366 0.5140304565429688
14328 0.6549358367919922
14322 0.5390644073486328
14322 0.2460479736328125
14318 0.3521442413330078
14293 0.9591579437255859
14286 0.3800392150878906
14286 0.15211105346679688
14286 0.3559589385986328
14286 0.2288818359375
14248 0.08606910705566406
14241 0.5280971527099609
14241 0.8499622344970703
14241 0.7319450378417969
14241 0.11110305786132812
14241 0.9760856628417969
14233 0.14901161193847656
14233 0.18906593322753906
14231 0.33402442932128906
14231 0.27179718017578125
14231 0.5540847778320312
14228 0.8738040924072266
14224 0.09107589721679688
14224 0.2880096435546875
14224 0.3211498260498047
14162 0.6189346313476562
14159 0.7388591766357422
14159 0.6000995635986328
14149 0.6577968597412109
14113 0.8170604705810547
14113 0.38313865661621094
14097 0.26106834411621094
14091 0.43392181396484375
14091 0.053882598876953125
14091 0.1220703125
14090 0.3008842468261719
14090 0.2789497375488281
14060 0.5609989166259766
14059 0.1850128173828125
14050 0.8649826049804688
14050 0.7960796356201172
14050 0.32901763916015625
14048 0.7810592651367188
14048 0.20313262939453125
14048 0.5309581756591797
14048 0.2491474151611328
14047 0.6668567657470703
14047 0.37789344787597656
14047 0.6959438323974609
14047 0.7901191711425781
14047 0.5028247833251953
14042 0.41294097900390625
14042 0.7929801940917969
14015 0.45299530029296875
14015 1.0039806365966797
13992 0.15807151794433594
13975 0.5929470062255859
13975 0.20599365234375
13965 0.09202957153320312
13965 0.3669261932373047
13965 0.5500316619873047
13938 0.5707740783691406
13938 0.1850128173828125
13912 0.5340576171875
13908 0.23102760314941406
13908 0.34499168395996094
13908 0.34999847412109375
13874 0.7390975952148438
13866 0.244140625
13862 0.21195411682128906
13817 1.0349750518798828
13817 0.14400482177734375
13797 0.4029273986816406
13797 0.7581710815429688
13788 0.4200935363769531
13781 0.1239776611328125
13781 0.4718303680419922
13781 0.23102760314941406
13773 0.2200603485107422
13773 0.263214111328125
13773 0.1780986785888672
13708 0.19979476928710938
13708 0.8161067962646484
13679 0.8909702301025391
13673 0.5609989166259766
13673 0.3871917724609375
13673 0.5540847778320312
13673 0.4820823669433594
13670 0.5462169647216797
13670 0.44798851013183594
13670 0.43892860412597656
13670 0.3459453582763672
13670 0.42510032653808594
13670 0.1571178436279297
13670 0.11587142944335938
13614 0.20384788513183594
13614 0.5400180816650391
13614 1.0800361633300781
13614 0.308990478515625
13559 0.2579689025878906
13559 0.926971435546875
13559 0.31495094299316406
13556 0.4019737243652344
13555 0.2448558807373047
13543 0.102996826171875
13535 0.7128715515136719
13535 0.3199577331542969
13535 0.7491111755371094
13535 1.0671615600585938
13535 1.0170936584472656
13535 0.010013580322265625
13524 0.1628398895263672
13513 0.43892860412597656
13513 0.843048095703125
13513 0.6530284881591797
13513 0.5469322204589844
13513 0.3559589385986328
13513 0.49614906311035156
13491 0.19979476928710938
13491 0.5230903625488281
13491 1.027822494506836
13491 0.06604194641113281
13491 0.3619194030761719
13481 0.6489753723144531
13481 0.5919933319091797
13474 0.8299350738525391
13473 0.4780292510986328
13441 0.06699562072753906
13441 0.8111000061035156
13441 0.4360675811767578
13441 0.4000663757324219
13438 0.09107589721679688
13438 0.6401538848876953
13438 0.37288665771484375
13430 0.3750324249267578
13412 0.9350776672363281
13402 1.0709762573242188
13384 1.1110305786132812
13384 0.431060791015625
13384 0.4551410675048828
13384 0.4401206970214844
13384 0.5519390106201172
13379 0.7250308990478516
13379 0.8440017700195312
13379 0.3790855407714844
13379 0.21791458129882812
13379 0.38695335388183594
13379 0.370025634765625
13379 0.7610321044921875
13375 1.2481212615966797
13375 1.3189315795898438
13366 0.19502639770507812
13366 0.5269050598144531
13359 0.31113624572753906
13282 0.06699562072753906
13282 0.6940364837646484
13281 0.6611347198486328
13281 0.23508071899414062
13281 0.29397010803222656
13281 0.9450912475585938
13281 0.7359981536865234
13273 0.3349781036376953
13260 0.6029605865478516
13256 0.050067901611328125
13256 0.6639957427978516
13256 0.9939670562744141
13239 0.3070831298828125
13239 0.11706352233886719
13224 0.209808349609375
13221 0.24819374084472656
13187 1.1730194091796875
13187 0.2498626708984375
13187 0.5290508270263672
13187 0.7300376892089844
13187 0.7789134979248047
13187 0.5409717559814453
13184 0.3180503845214844
13184 0.5869865417480469
13184 0.8668899536132812
13183 0.12302398681640625
13183 0.9410381317138672
13167 0.12302398681640625
13148 0.15211105346679688
13142 0.9357929229736328
13106 0.18787384033203125
13106 0.6260871887207031
13097 0.14209747314453125
13097 0.4649162292480469
13080 0.7350444793701172
13080 0.5979537963867188
13080 0.5910396575927734
13080 0.49495697021484375
13080 0.5908012390136719
13080 0.15807151794433594
13080 1.0750293731689453
13041 0.8158683776855469
13041 0.4241466522216797
13041 0.5290508270263672
13041 0.2269744873046875
13041 0.5350112915039062
13041 0.18405914306640625
13041 0.2868175506591797
13041 0.37097930908203125
13026 0.5779266357421875
13024 0.07319450378417969
13006 0.7441043853759766
13006 0.6060600280761719
12949 0.26988983154296875
12929 0.4439353942871094
12893 0.7569789886474609
12873 0.6330013275146484
12871 0.6108283996582031
12871 0.6780624389648438
12871 0.4119873046875
12871 0.1289844512939453
12854 0.6890296936035156
12854 0.36406517028808594
12843 0.3058910369873047
12829 0.16808509826660156
12826 0.9031295776367188
12826 0.5700588226318359
12826 0.3161430358886719
12826 0.5331039428710938
12826 0.4220008850097656
12826 0.08392333984375
12826 1.157999038696289
12826 0.637054443359375
12821 0.6630420684814453
12821 0.7178783416748047
12821 0.7851123809814453
12821 0.7979869842529297
12791 0.4951953887939453
12773 0.5519390106201172
12773 0.7410049438476562
12773 0.18787384033203125
12773 0.78582763671875
12753 0.6768703460693359
12753 0.27823448181152344
12751 0.7698535919189453
12751 0.19693374633789062
12751 0.4329681396484375
12739 1.1990070343017578
12731 0.12493133544921875
12731 0.5228519439697266
12731 0.3368854522705078
12725 0.6999969482421875
12725 0.6449222564697266
12725 0.6480216979980469
12725 0.13494491577148438
12692 0.4360675811767578
12692 0.7970333099365234
12692 0.45013427734375
12672 0.5941390991210938
12672 0.05793571472167969
12672 1.1670589447021484
12669 0.6749629974365234
12669 0.09989738464355469
12667 0.6561279296875
12647 0.9188652038574219
12647 0.46706199645996094
12638 0.45609474182128906
12638 0.8759498596191406
12638 0.11420249938964844
12598 0.12111663818359375
12594 0.1289844512939453
12594 0.49686431884765625
12594 0.6201267242431641
12594 0.7231235504150391
12588 0.5848407745361328
12588 0.09393692016601562
12588 1.0809898376464844
12588 1.0790824890136719
12563 0.28395652770996094
12525 0.6220340728759766
12525 0.5898475646972656
12478 0.3020763397216797
12469 0.28586387634277344
12469 0.21910667419433594
12454 0.7669925689697266
12454 0.45108795166015625
12454 0.6449222564697266
12454 0.30303001403808594
12454 0.5757808685302734
12454 0.12302398681640625
12445 1.0509490966796875
12425 0.6809234619140625
12425 0.8120536804199219
12425 0.8268356323242188
12425 0.5099773406982422
12425 0.6949901580810547
12410 0.3018379211425781
12399 0.5600452423095703
12399 0.0629425048828125
12386 1.0190010070800781
12386 0.637054443359375
12386 0.5440711975097656
12386 0.5030632019042969
12382 0.96893310546875
12377 0.4839897155761719
12377 0.38909912109375
12377 0.8637905120849609
12348 0.9770393371582031
12348 0.553131103515625
12333 0.1518726348876953
12333 0.7760524749755859
12333 0.6439685821533203
12329 0.6430149078369141
12329 0.26798248291015625
12317 0.14781951904296875
12311 0.8389949798583984
12311 0.1678466796875
12301 1.001119613647461
12301 0.28395652770996094
12288 0.09083747863769531
12288 0.32401084899902344
12261 0.8561611175537109
12254 0.8599758148193359
12254 0.051021575927734375
12248 0.7569789886474609
12248 0.4749298095703125
12248 0.4868507385253906
12248 0.09298324584960938
12248 0.09894371032714844
12248 0.06103515625
12188 0.7340908050537109
12188 0.9510517120361328
12188 0.33092498779296875
12171 0.5099773406982422
12171 0.6949901580810547
12171 0.9059906005859375
12171 0.9360313415527344
12135 0.8549690246582031
12135 0.6029605865478516
12135 0.7669925689697266
12130 0.04506111145019531
12130 1.199960708618164
12130 0.5540847778320312
12130 0.12803077697753906
12130 0.8118152618408203
12130 0.8211135864257812
12130 0.40793418884277344
12130 0.20599365234375
12130 0.8549690246582031
12130 0.7469654083251953
12130 0.13303756713867188
12129 0.225067138671875
12129 0.13494491577148438
12127 0.45180320739746094
12127 0.4940032958984375
12124 0.3540515899658203
12099 0.12803077697753906
12099 0.4010200500488281
12099 0.17690658569335938
12099 0.3399848937988281
12099 0.24819374084472656
12099 0.13709068298339844
12085 0.7128715515136719
12085 0.3731250762939453
12085 0.14495849609375
12085 0.49304962158203125
12073 0.26702880859375
12073 0.7050037384033203
12073 0.28204917907714844
12073 0.41985511779785156
12061 0.5180835723876953
12043 0.3910064697265625
12043 1.4162063598632812
12043 0.07104873657226562
12043 0.13494491577148438
12043 0.6020069122314453
12043 0.6928443908691406
12043 0.2579689025878906
12032 0.67901611328125
12032 0.44608116149902344
12032 0.15211105346679688
12028 0.8168220520019531
12028 0.42700767517089844
12028 1.316070556640625
12028 0.4038810729980469
12028 0.3268718719482422
12028 0.8630752563476562
12028 0.4248619079589844
11991 1.2650489807128906
11979 0.19884109497070312
11979 0.7472038269042969
11979 0.8909702301025391
11979 0.1308917999267578
11979 0.33593177795410156
11979 0.9131431579589844
11979 0.4677772521972656
11979 1.0759830474853516
11979 0.3361701965332031
11979 0.164031982421875
11979 0.09703636169433594
11979 0.8418560028076172
11979 0.13494491577148438
11979 1.9381046295166016
11979 1.413106918334961
11968 0.1361370086669922
11968 0.6639957427978516
11968 0.9520053863525391
11968 0.8080005645751953
11959 0.125885009765625
11959 0.3991127014160156
11959 0.12302398681640625
11954 0.2639293670654297
11954 0.5979537963867188
11954 0.8168220520019531
11924 0.7200241088867188
11924 0.4909038543701172
11924 1.0759830474853516
11924 0.1800060272216797
11907 0.21791458129882812
11907 0.9109973907470703
11907 0.12111663818359375
11907 0.07414817810058594
11899 0.1780986785888672
11890 0.20194053649902344
11878 0.9119510650634766
11878 0.11920928955078125
11878 0.5249977111816406
11878 0.7519721984863281
11878 0.09799003601074219
11864 2.053976058959961
11862 0.8130073547363281
11862 0.5578994750976562
11862 1.0340213775634766
11862 0.11515617370605469
11862 0.2968311309814453
11831 0.7760524749755859
11829 0.7178783416748047
11824 0.1571178436279297
11824 0.6060600280761719
11824 0.7100105285644531
11824 0.6539821624755859
11820 1.1799335479736328
11812 1.9779205322265625
11806 0.308990478515625
11806 0.6561279296875
11806 0.43392181396484375
11783 0.15282630920410156
11783 0.1671314239501953
11783 1.4951229095458984
11783 0.21004676818847656
11783 0.34618377685546875
11783 0.41985511779785156
11783 0.5199909210205078
11765 1.569986343383789
11765 1.0449886322021484
11760 0.17905235290527344
11760 0.28896331787109375
11760 0.41794776916503906
11760 0.5781650543212891
11740 0.6899833679199219
11726 0.11491775512695312
11726 0.9350776672363281
11726 0.3790855407714844
11690 0.9760856628417969
11690 1.0700225830078125
11667 0.6680488586425781
11667 0.6880760192871094
11667 0.06890296936035156
11667 0.10585784912109375
11667 0.17690658569335938
11667 0.2651214599609375
11667 0.8258819580078125
11667 0.6000995635986328
11651 0.19979476928710938
11651 0.10204315185546875
11644 0.8721351623535156
11644 0.9260177612304688
11644 0.6840229034423828
11631 0.7309913635253906
11631 1.0759830474853516
11617 0.9069442749023438
11600 0.8649826049804688
11591 0.2529621124267578
11591 0.49805641174316406
11577 0.9419918060302734
11576 0.17786026000976562
11534 0.15306472778320312
11534 0.8368492126464844
11534 0.22101402282714844
11515 0.7328987121582031
11515 0.2911090850830078
11515 0.6461143493652344
11515 0.8118152618408203
11515 0.8749961853027344
11512 0.3228187561035156
11512 0.4131793975830078
11512 0.3161430358886719
11512 1.6980171203613281
11512 0.5009174346923828
11512 1.7919540405273438
11502 0.7889270782470703
11502 0.20599365234375
11502 0.4990100860595703
11491 0.8139610290527344
11491 0.5359649658203125
11491 0.9069442749023438
11491 1.4619827270507812
11458 0.34999847412109375
11458 0.23818016052246094
11457 0.4971027374267578
11443 0.06198883056640625
11443 0.9930133819580078
11423 1.0170936584472656
11423 0.18906593322753906
11423 0.14209747314453125
11423 0.7328987121582031
11415 0.3719329833984375
11415 0.06318092346191406
11415 0.9081363677978516
11412 1.2218952178955078
11412 0.7500648498535156
11412 0.45108795166015625
11406 1.1429786682128906
11376 0.5869865417480469
11376 0.26798248291015625
11376 1.0170936584472656
11376 0.26702880859375
11376 0.12183189392089844
11376 0.7541179656982422
11376 0.988006591796875
11376 0.8859634399414062
11362 0.46181678771972656
11362 0.43010711669921875
11362 0.7610321044921875
11345 0.4620552062988281
11338 0.7760524749755859
11338 0.9100437164306641
11325 0.3840923309326172
11325 0.96893310546875
11319 0.3421306610107422
11319 0.6711483001708984
11319 0.4248619079589844
11298 0.5249977111816406
11298 0.0438690185546875
11298 1.4810562133789062
11285 1.5339851379394531
11285 1.2760162353515625
11285 0.164031982421875
11285 0.8399486541748047
11285 0.8671283721923828
11283 0.041961669921875
11281 0.7419586181640625
11273 0.7789134979248047
11239 0.38504600524902344
11239 0.31495094299316406
11239 0.6070137023925781
11229 0.3998279571533203
11229 0.4329681396484375
11229 0.07009506225585938
11229 0.39196014404296875
11229 0.5729198455810547
11229 0.09489059448242188
11154 0.8609294891357422
11103 0.6999969482421875
11103 0.11301040649414062
11085 1.0540485382080078
11082 0.29206275939941406
11082 0.7359981536865234
11082 0.13208389282226562
11082 0.39505958557128906
11072 0.4239082336425781
11064 0.9500980377197266
11047 0.21886825561523438
11047 1.4030933380126953
11047 0.3509521484375
11046 1.0578632354736328
11045 0.4088878631591797
11004 0.2601146697998047
11004 1.0771751403808594
11004 0.06413459777832031
10990 0.2319812774658203
10990 0.8029937744140625
10990 0.9951591491699219
10990 0.2589225769042969
10990 0.3650188446044922
10981 0.9329319000244141
10957 0.9357929229736328
10955 0.25391578674316406
10951 1.2309551239013672
10951 1.4739036560058594
10951 1.2969970703125
10934 0.9839534759521484
10934 1.233816146850586
10934 0.43392181396484375
10934 0.6480216979980469
10924 0.6380081176757812
10924 0.1380443572998047
10924 0.5190372467041016
10924 0.4119873046875
10922 0.06318092346191406
10897 0.988006591796875
10877 0.43892860412597656
10868 0.1361370086669922
10854 0.04792213439941406
10827 0.1659393310546875
10827 0.6210803985595703
10803 0.20694732666015625
10782 1.155853271484375
10782 0.04601478576660156
10782 0.2779960632324219
10782 0.06818771362304688
10782 0.6160736083984375
10782 0.26988983154296875
10782 0.5199909210205078
10782 0.3180503845214844
10782 0.47016143798828125
10782 0.6477832794189453
10764 0.698089599609375
10753 0.7498264312744141
10753 0.6570816040039062
10753 0.9260177612304688
