1193154 28374.6600151062
1193142 18.754959106445312
1193121 7.84611701965332
1193077 8.416175842285156
1193075 12.766122817993164
1193070 1.249074935913086
1193062 14.50490951538086
1193039 2.519845962524414
1193039 0.9610652923583984
1193036 6.742000579833984
1193036 9.214162826538086
1193006 15.803098678588867
1193006 1.2469291687011719
1193000 2.938985824584961
1192998 12.897014617919922
1192970 27.584075927734375
1192969 9.217977523803711
1192969 3.014802932739258
1192969 11.565923690795898
1192959 32.36985206604004
1192959 1.5499591827392578
1192921 1.6179084777832031
1192921 8.936882019042969
1192921 0.5359649658203125
1192921 0.9608268737792969
1192842 8.23211669921875
1192808 13.020038604736328
1192808 28.768062591552734
1192802 4.222869873046875
1192802 4.252910614013672
1192797 2.7430057525634766
1192797 12.476921081542969
1192786 4.75311279296875
1192784 22.210121154785156
1192765 8.650064468383789
1192765 17.549991607666016
1192747 0.6418228149414062
1192725 6.011962890625
1192725 3.7589073181152344
1192718 4.452943801879883
1192687 24.600982666015625
1192658 25.248050689697266
1192637 21.881103515625
1192582 24.015188217163086
1192582 13.173103332519531
1192543 32.51910209655762
1192537 14.876127243041992
1192497 11.00301742553711
1192490 13.736963272094727
1192490 12.681007385253906
1192473 10.667085647583008
1192473 2.44903564453125
1192473 25.356054306030273
1192453 0.7579326629638672
1192442 7.344961166381836
1192442 12.869834899902344
1192442 20.112991333007812
1192442 26.55792236328125
1192442 24.7189998626709
1192442 4.394054412841797
1192382 6.854772567749023
1192382 1.950979232788086
1192382 5.608081817626953
1192364 12.778043746948242
1192364 20.98679542541504
1192358 4.974126815795898
1192314 16.151905059814453
1192314 2.8319358825683594
1192262 1.9609928131103516
1192262 4.150867462158203
1192237 31.401872634887695
1192237 21.471023559570312
1192228 1.750946044921875
1192228 21.209001541137695
1192215 3.4449100494384766
1192215 5.246877670288086
1192188 25.041818618774414
1192188 0.3230571746826172
1192188 20.99299430847168
1192188 10.246038436889648
1192181 9.207010269165039
1192181 5.378961563110352
1192167 1.5590190887451172
1192162 29.365062713623047
1192162 24.755001068115234
1192147 4.031896591186523
1192116 30.50518035888672
1192116 1.2409687042236328
1192116 1.811981201171875
1192107 0.2810955047607422
1192107 1.02996826171875
1192102 24.92690086364746
1192080 6.15692138671875
1192080 29.50310707092285
1192021 6.05320930480957
1192021 1.6028881072998047
1192021 7.797956466674805
1192003 14.028072357177734
1191987 8.867025375366211
1191986 12.18414306640625
1191986 25.101900100708008
1191980 9.14311408996582
1191930 15.864849090576172
1191907 22.357940673828125
1191880 17.637014389038086
1191871 14.781951904296875
1191842 15.430927276611328
1191839 24.722814559936523
1191839 3.73077392578125
1191839 26.082992553710938
1191814 16.088008880615234
1191810 5.131959915161133
1191806 5.300045013427734
1191798 16.195058822631836
1191791 8.460044860839844
1191791 1.4679431915283203
1191791 10.865926742553711
1191791 36.99898719787598
1191785 5.047082901000977
1191785 22.063016891479492
1191785 7.318019866943359
1191773 2.9380321502685547
1191773 11.858940124511719
1191755 15.393972396850586
1191736 4.088163375854492
1191736 26.86786651611328
1191700 37.381887435913086
1191700 13.911008834838867
1191700 12.789011001586914
1191700 15.983104705810547
1191642 10.376930236816406
1191624 4.951000213623047
1191624 2.5670528411865234
1191624 3.1020641326904297
1191624 1.0569095611572266
1191624 1.5101432800292969
1191624 0.5159378051757812
1191623 23.85401725769043
1191623 8.424997329711914
1191563 0.9779930114746094
1191563 0.5500316619873047
1191563 3.7240982055664062
1191563 20.650148391723633
1191545 26.214122772216797
1191545 10.993003845214844
1191532 25.708913803100586
1191503 7.797002792358398
1191477 12.646198272705078
1191463 4.996061325073242
1191395 13.979911804199219
1191395 2.519845962524414
1191375 22.48406410217285
1191375 17.69280433654785
1191369 6.880044937133789
1191369 15.70892333984375
1191369 5.964040756225586
1191369 5.966901779174805
1191362 15.581130981445312
1191342 4.41288948059082
1191340 12.573957443237305
1191306 2.3040771484375
1191299 9.073019027709961
1191299 4.69207763671875
1191297 28.712034225463867
1191297 7.144927978515625
1191211 10.967016220092773
1191135 9.181022644042969
1191115 5.958080291748047
1191055 6.433963775634766
1191046 17.76599884033203
1190973 16.867876052856445
1190973 4.171848297119141
1190964 32.40489959716797
1190964 1.2018680572509766
1190956 11.802196502685547
1190956 5.0640106201171875
1190944 16.807079315185547
1190934 1.8780231475830078
1190934 24.851083755493164
1190892 12.759923934936523
1190874 4.110097885131836
1190874 0.47206878662109375
1190868 2.7599334716796875
1190868 9.677886962890625
1190822 16.399145126342773
1190801 14.729976654052734
1190801 8.959054946899414
1190801 22.543907165527344
1190801 1.3210773468017578
1190787 1.0938644409179688
1190787 12.36581802368164
1190787 25.2230167388916
1190733 17.613887786865234
1190703 21.806955337524414
1190703 4.30607795715332
1190703 10.071992874145508
1190684 2.8688907623291016
1190684 2.3899078369140625
1190684 3.142118453979492
1190627 5.020856857299805
1190624 22.348880767822266
1190624 13.339042663574219
1190602 6.493091583251953
1190590 7.19904899597168
1190590 30.19404411315918
1190573 1.8877983093261719
1190573 13.206005096435547
1190563 10.111093521118164
1190563 8.076190948486328
1190551 3.1239986419677734
1190528 1.9600391387939453
1190528 3.618001937866211
1190528 2.624034881591797
1190528 6.612062454223633
1190508 5.35893440246582
1190485 10.869026184082031
1190466 31.373023986816406
1190466 2.048969268798828
1190436 2.6471614837646484
1190436 4.528999328613281
1190434 3.309011459350586
1190396 6.656885147094727
1190396 2.6290416717529297
1190396 7.411003112792969
1190366 0.6899833679199219
1190322 4.5871734619140625
1190322 24.403095245361328
1190312 23.797988891601562
1190304 2.2377967834472656
1190304 7.568120956420898
1190304 22.47309684753418
1190304 1.9540786743164062
1190304 27.9691219329834
1190290 11.186838150024414
1190290 20.701885223388672
1190290 11.284112930297852
1190228 2.699136734008789
1190226 2.900838851928711
1190226 8.723020553588867
1190226 20.550012588500977
1190226 11.681079864501953
1190223 16.000032424926758
1190222 8.954048156738281
1190222 16.632080078125
1190217 18.362045288085938
1190167 7.135152816772461
1190163 0.2219676971435547
1190124 7.086992263793945
1190083 24.813175201416016
1190053 0.8950233459472656
1190048 8.44883918762207
1189977 5.435943603515625
1189961 2.2809505462646484
1189961 6.2541961669921875
1189961 10.67495346069336
1189900 3.2460689544677734
1189826 6.16908073425293
1189802 26.06201171875
1189787 14.476776123046875
1189735 3.7360191345214844
1189735 0.885009765625
1189720 10.903120040893555
1189720 9.450912475585938
1189718 15.465021133422852
1189713 0.5290508270263672
1189705 4.409074783325195
1189657 3.1740665435791016
1189648 9.50002670288086
1189616 24.22785758972168
1189616 10.167837142944336
1189616 4.313945770263672
1189589 1.0039806365966797
1189589 4.596948623657227
1189583 6.417989730834961
1189583 4.944086074829102
1189583 9.830951690673828
1189532 15.780925750732422
1189508 7.882118225097656
1189508 16.748905181884766
1189507 3.720998764038086
1189507 30.60603141784668
1189487 15.788078308105469
1189474 16.41106605529785
1189474 4.197835922241211
1189473 1.1060237884521484
1189473 3.0739307403564453
1189448 7.757902145385742
1189427 17.179012298583984
1189401 18.212080001831055
1189396 29.552936553955078
1189380 25.713205337524414
1189368 23.2541561126709
1189368 11.576175689697266
1189368 11.263132095336914
1189331 8.075952529907227
1189331 6.2580108642578125
1189323 1.5950202941894531
1189323 11.77215576171875
1189300 3.506183624267578
1189300 10.740041732788086
1189300 9.824991226196289
1189292 0.5390644073486328
1189292 14.728784561157227
1189280 13.227224349975586
1189280 5.298137664794922
1189277 28.195858001708984
1189277 24.984121322631836
1189244 8.743047714233398
1189244 2.420186996459961
1189244 10.34092903137207
1189202 2.338886260986328
1189184 0.4379749298095703
1189184 5.136966705322266
1189163 3.6530494689941406
1189105 6.99305534362793
1189105 5.991935729980469
1189016 9.106874465942383
1188985 15.691995620727539
1188925 4.650115966796875
1188925 18.007993698120117
1188925 23.35500717163086
1188920 5.624055862426758
1188899 4.164934158325195
1188888 11.240005493164062
1188876 4.476070404052734
1188876 23.448944091796875
1188868 9.801864624023438
1188868 20.144939422607422
1188868 16.907930374145508
1188868 5.613088607788086
1188849 8.40616226196289
1188849 11.810779571533203
1188827 0.3979206085205078
1188772 8.605003356933594
1188756 19.865989685058594
1188731 10.783910751342773
1188731 4.117012023925781
1188731 11.867046356201172
1188726 4.402875900268555
1188726 1.692056655883789
1188699 2.627134323120117
1188699 10.844945907592773
1188699 6.345987319946289
1188699 12.292146682739258
1188699 1.3689994812011719
1188659 7.064104080200195
1188603 24.266958236694336
1188591 5.033016204833984
1188591 1.950979232788086
1188591 4.496097564697266
1188591 3.926992416381836
1188552 3.1468868255615234
1188546 12.190818786621094
1188546 11.420011520385742
1188546 13.068914413452148
1188533 11.461019515991211
1188502 14.340877532958984
1188462 4.318952560424805
1188444 2.3889541625976562
1188423 9.308815002441406
1188423 11.315107345581055
1188423 8.493900299072266
1188400 2.7589797973632812
1188400 0.9899139404296875
1188376 2.719879150390625
1188335 3.268003463745117
1188335 8.71896743774414
1188335 0.1690387725830078
1188305 18.167972564697266
1188305 0.9639263153076172
1188305 12.112140655517578
1188305 10.312080383300781
1188239 3.2439231872558594
1188239 5.3558349609375
1188239 0.9248256683349609
1188239 3.860950469970703
1188239 15.553951263427734
1188230 8.40306282043457
1188230 26.355981826782227
1188230 4.205942153930664
1188230 12.141942977905273
1188230 8.303165435791016
1188204 6.772041320800781
1188204 2.0101070404052734
1188204 1.7940998077392578
1188179 13.322830200195312
1188149 5.55109977722168
1188129 6.6699981689453125
1188079 17.544031143188477
1188079 1.8498897552490234
1188046 6.28209114074707
1188021 4.992961883544922
1187983 14.256000518798828
1187963 16.271114349365234
1187963 13.486146926879883
1187963 4.459142684936523
1187949 24.322986602783203
1187911 15.232086181640625
1187911 26.316165924072266
1187911 20.07007598876953
1187895 0.9989738464355469
1187894 19.927024841308594
1187887 1.1219978332519531
1187887 8.363962173461914
1187887 8.409976959228516
1187871 24.528980255126953
1187836 2.8629302978515625
1187827 3.7610530853271484
1187827 12.466192245483398
1187824 4.102945327758789
1187817 20.43890953063965
1187788 10.402917861938477
1187776 14.38593864440918
1187776 24.19114112854004
1187736 8.667945861816406
1187730 19.37079429626465
1187730 18.033981323242188
1187730 25.774002075195312
1187715 2.8629302978515625
1187712 0.637054443359375
1187712 26.547908782958984
1187712 15.115976333618164
1187712 8.663177490234375
1187712 6.379842758178711
1187700 2.6750564575195312
1187700 14.528989791870117
1187684 15.97905158996582
1187664 4.171848297119141
1187664 2.192974090576172
1187664 4.75621223449707
1187658 5.859851837158203
1187652 14.204025268554688
1187652 0.37789344787597656
1187618 11.456012725830078
1187618 12.119054794311523
1187618 2.1440982818603516
1187618 28.377056121826172
1187594 3.3288002014160156
1187582 8.751153945922852
1187542 1.191854476928711
1187532 0.21696090698242188
1187523 12.77613639831543
1187523 3.873109817504883
1187523 10.431051254272461
1187439 5.847930908203125
1187439 17.277002334594727
1187439 5.891084671020508
1187419 21.76499366760254
1187419 12.516975402832031
1187349 8.777856826782227
1187349 15.863180160522461
1187335 5.795955657958984
1187335 0.701904296875
1187335 3.4019947052001953
1187311 9.369850158691406
1187311 16.63517951965332
1187300 1.5459060668945312
1187293 7.16400146484375
1187233 2.8450489044189453
1187233 4.760026931762695
1187205 13.576030731201172
1187186 14.817953109741211
1187186 15.625
1187186 3.1440258026123047
1187163 19.643783569335938
1187163 13.512849807739258
1187148 0.6110668182373047
1187104 11.372089385986328
1187104 9.645938873291016
1187010 3.979921340942383
1187001 1.455068588256836
1187001 9.123802185058594
1187001 33.820152282714844
1187001 9.479045867919922
1186973 24.44291114807129
1186973 15.186071395874023
1186973 3.0388832092285156
1186964 31.04710578918457
1186956 20.816802978515625
1186956 8.272886276245117
1186956 34.288883209228516
1186925 24.95598793029785
1186925 11.364936828613281
1186906 2.568960189819336
1186829 3.016948699951172
1186829 1.2171268463134766
1186829 4.4078826904296875
1186829 12.187957763671875
1186818 0.804901123046875
1186805 9.811162948608398
1186770 7.364988327026367
1186770 1.1720657348632812
1186761 23.7729549407959
1186746 0.4591941833496094
1186746 25.59804916381836
1186746 1.8229484558105469
1186746 13.534069061279297
1186712 8.088827133178711
1186712 20.881175994873047
1186657 16.27492904663086
1186657 6.200075149536133
1186657 13.789892196655273
1186657 22.52507209777832
1186656 13.124942779541016
1186622 14.347076416015625
1186622 8.11314582824707
1186622 21.965980529785156
1186622 23.466110229492188
1186589 2.3810863494873047
1186575 4.842042922973633
1186575 8.630037307739258
1186575 4.752159118652344
1186569 17.583847045898438
1186568 22.073030471801758
1186559 1.3060569763183594
1186527 6.30497932434082
1186503 7.47990608215332
1186503 21.477937698364258
1186503 10.795116424560547
1186495 10.53309440612793
1186495 24.603843688964844
1186491 22.608041763305664
1186476 0.11897087097167969
1186476 5.222797393798828
1186476 0.4429817199707031
1186430 33.85114669799805
1186430 20.710229873657227
1186380 5.934000015258789
1186343 3.5619735717773438
1186343 7.211208343505859
1186343 9.593963623046875
1186343 10.883092880249023
1186331 10.276079177856445
1186331 2.287149429321289
1186331 5.986928939819336
1186308 8.187055587768555
1186308 4.4040679931640625
1186281 14.322042465209961
1186281 6.287097930908203
1186273 19.430875778198242
1186229 5.387067794799805
1186162 1.6891956329345703
1186162 20.082950592041016
1186140 1.3401508331298828
1186140 14.518976211547852
1186140 13.380050659179688
1186140 7.758140563964844
1186138 31.86511993408203
1186049 8.509159088134766
1186049 17.33994483947754
1186049 1.0898113250732422
1186049 13.96799087524414
1185996 28.81789207458496
1185996 13.611078262329102
1185996 1.2989044189453125
1185989 10.335922241210938
1185989 19.808053970336914
1185989 18.329858779907227
1185989 21.713972091674805
1185989 5.960941314697266
1185989 21.760940551757812
1185989 2.140045166015625
1185957 19.021034240722656
1185957 9.27281379699707
1185957 19.466161727905273
1185917 29.49810028076172
1185917 5.218029022216797
1185873 4.134893417358398
1185865 12.344121932983398
1185856 20.682811737060547
1185807 8.700132369995117
1185754 14.304876327514648
1185747 1.1110305786132812
1185686 16.860008239746094
1185655 17.7919864654541
1185592 11.802911758422852
1185592 6.45899772644043
1185582 20.97916603088379
1185563 23.542165756225586
1185563 3.7491321563720703
1185563 14.93215560913086
1185560 2.7129650115966797
1185539 2.557992935180664
1185539 11.797189712524414
1185506 21.956920623779297
1185506 15.359878540039062
1185506 9.302139282226562
1185473 2.4771690368652344
1185473 3.7729740142822266
1185464 11.336088180541992
1185455 12.451887130737305
1185449 11.219024658203125
1185449 15.004873275756836
1185431 16.50691032409668
1185409 2.393960952758789
1185390 13.889074325561523
1185390 2.1190643310546875
1185386 3.8018226623535156
1185386 19.345998764038086
1185380 9.392976760864258
1185380 5.584955215454102
1185380 14.454126358032227
1185380 8.855819702148438
1185357 2.5811195373535156
1185302 3.821849822998047
1185273 7.957935333251953
1185273 12.968063354492188
1185271 8.485078811645508
1185245 20.348072052001953
1185237 13.087987899780273
1185237 5.621910095214844
1185237 5.808830261230469
1185237 5.862236022949219
1185237 5.124807357788086
1185237 8.790016174316406
1185237 13.388872146606445
1185179 20.9808349609375
1185142 24.369001388549805
1185131 6.679058074951172
1185127 13.740062713623047
1185124 1.1060237884521484
1185124 12.987136840820312
1185117 9.112834930419922
1185096 3.6368370056152344
1185096 8.215904235839844
1185096 20.143985748291016
1185096 6.105184555053711
1185023 15.423059463500977
1185011 1.9271373748779297
1185011 3.258943557739258
1185011 16.51477813720703
1184956 2.6509761810302734
1184956 2.543926239013672
1184956 11.077165603637695
1184942 23.05006980895996
1184942 8.589982986450195
1184942 10.313034057617188
1184937 11.571884155273438
1184935 7.455110549926758
1184935 1.2547969818115234
1184935 3.409862518310547
1184903 7.23719596862793
1184889 10.135889053344727
1184889 14.412879943847656
1184881 2.4499893188476562
1184881 11.651039123535156
1184874 18.99099349975586
1184860 21.4080810546875
1184860 18.30005645751953
1184860 0.843048095703125
1184818 9.557008743286133
1184818 10.864973068237305
1184818 3.8759708404541016
1184813 8.072137832641602
1184813 7.068872451782227
1184813 2.9768943786621094
1184813 10.220050811767578
1184757 23.76389503479004
1184698 18.876075744628906
1184673 10.717153549194336
1184673 4.539966583251953
1184636 18.062829971313477
1184604 13.555049896240234
1184604 3.0269622802734375
1184596 1.708984375
1184566 7.853984832763672
1184554 5.548000335693359
1184522 0.2830028533935547
1184514 4.229068756103516
1184514 2.331972122192383
1184503 7.573843002319336
1184448 22.476911544799805
1184448 9.485960006713867
1184448 17.65894889831543
1184448 10.384082794189453
1184448 5.594968795776367
1184448 2.607107162475586
1184431 11.523008346557617
1184419 15.875101089477539
1184406 0.5609989166259766
1184381 24.38497543334961
1184381 14.8468017578125
1184366 1.644134521484375
1184359 23.501873016357422
1184349 0.9400844573974609
1184349 13.64898681640625
1184337 8.250951766967773
1184331 13.04006576538086
1184331 9.666919708251953
1184290 10.41102409362793
1184290 0.2579689025878906
1184274 6.062030792236328
1184274 3.567934036254883
1184260 20.190000534057617
1184260 1.5900135040283203
1184225 17.503976821899414
1184221 2.15911865234375
1184194 4.770994186401367
1184145 13.529062271118164
1184107 13.458013534545898
1184107 19.757986068725586
1184102 9.68313217163086
1184082 0.1518726348876953
1184082 13.159036636352539
1184077 3.2150745391845703
1184077 5.273103713989258
1184077 22.207975387573242
1184077 29.053211212158203
1184077 5.090951919555664
1184077 0.49185752868652344
1184029 22.181034088134766
1184000 10.658025741577148
1183991 3.5550594329833984
1183953 2.2249221801757812
1183953 2.145051956176758
1183953 8.341073989868164
1183953 13.023138046264648
1183939 9.103059768676758
1183933 30.833005905151367
1183912 15.934944152832031
1183886 7.955074310302734
1183886 13.10586929321289
1183886 9.063005447387695
1183886 7.320165634155273
1183886 5.893945693969727
1183886 8.810997009277344
1183886 4.669904708862305
1183886 11.523008346557617
1183848 11.028051376342773
1183848 8.579015731811523
1183848 1.21307373046875
1183848 8.141040802001953
1183832 17.05312728881836
1183812 1.0027885437011719
1183812 3.86810302734375
1183804 24.31201934814453
1183804 13.991117477416992
1183800 0.32711029052734375
1183800 2.122163772583008
1183800 6.86192512512207
1183800 7.517099380493164
1183800 0.34689903259277344
1183800 13.188838958740234
1183792 3.204822540283203
1183792 15.22684097290039
1183791 0.8480548858642578
1183791 16.170024871826172
1183748 4.023075103759766
1183748 13.101816177368164
1183748 6.90913200378418
1183744 1.8150806427001953
1183744 27.899980545043945
1183744 21.259069442749023
1183744 9.594917297363281
1183744 12.773990631103516
1183744 18.8140869140625
1183744 18.007993698120117
1183739 15.075922012329102
1183731 3.5550594329833984
1183731 14.00613784790039
1183720 8.586883544921875
1183702 3.9789676666259766
1183702 4.275083541870117
1183702 6.474971771240234
1183662 18.52583885192871
1183647 1.9860267639160156
1183647 4.253149032592773
1183621 3.5169124603271484
1183603 1.0099411010742188
1183599 2.3648738861083984
1183599 6.46209716796875
1183587 4.729986190795898
1183524 16.258955001831055
1183524 8.06117057800293
1183524 1.6269683837890625
1183524 5.0029754638671875
1183524 17.496824264526367
1183524 21.260976791381836
1183524 1.7719268798828125
1183524 4.494905471801758
1183524 19.798994064331055
1183524 2.3598670959472656
1183524 30.675172805786133
1183524 33.69402885437012
1183472 23.31399917602539
1183472 2.6569366455078125
1183472 15.031099319458008
1183472 4.080057144165039
1183440 6.739139556884766
1183440 6.960153579711914
1183440 26.27110481262207
1183426 5.097866058349609
1183426 19.4551944732666
1183426 0.9770393371582031
1183426 18.637895584106445
1183426 20.636796951293945
1183426 27.10580825805664
1183426 2.337932586669922
1183400 4.781961441040039
1183397 2.6960372924804688
1183397 8.399009704589844
1183321 2.877950668334961
1183321 22.641897201538086
1183310 25.732040405273438
1183277 6.646871566772461
1183277 14.430046081542969
1183270 13.920068740844727
1183259 16.286134719848633
1183259 6.614923477172852
1183227 11.046171188354492
1183153 14.304876327514648
1183108 9.301900863647461
1183108 30.36785125732422
1183108 3.393888473510742
1183108 9.352922439575195
1183044 10.326147079467773
1183039 22.483110427856445
1183024 16.412019729614258
1183024 14.382123947143555
1183018 28.553009033203125
1183018 10.094881057739258
1183010 1.2061595916748047
1182979 7.320880889892578
1182954 17.525911331176758
1182954 9.224891662597656
1182916 1.9741058349609375
1182916 0.8959770202636719
1182904 8.985042572021484
1182904 12.830972671508789
1182904 14.960050582885742
1182904 0.3390312194824219
1182904 18.004894256591797
1182904 12.511014938354492
1182902 1.4181137084960938
1182891 7.761955261230469
1182880 2.8450489044189453
1182880 0.6420612335205078
1182880 27.55904197692871
1182879 0.4928112030029297
1182840 3.017902374267578
1182840 4.015207290649414
1182818 11.573076248168945
1182818 6.103992462158203
1182805 5.159854888916016
1182775 13.749837875366211
1182775 16.6471004486084
1182775 18.784046173095703
1182735 12.685060501098633
1182710 13.712167739868164
1182710 19.739866256713867
1182710 12.724161148071289
1182710 2.9039382934570312
1182710 27.991056442260742
1182708 8.577108383178711
1182708 9.981870651245117
1182686 7.400989532470703
1182686 4.174947738647461
1182686 25.957822799682617
1182675 9.45591926574707
1182675 23.182153701782227
1182590 0.4589557647705078
1182556 1.7819404602050781
1182540 23.199796676635742
1182518 10.229825973510742
1182518 11.284828186035156
1182463 2.8650760650634766
1182453 2.9931068420410156
1182417 24.322986602783203
1182417 26.39007568359375
1182395 26.546955108642578
1182395 10.548830032348633
1182395 10.845184326171875
1182341 3.4580230712890625
1182341 5.591154098510742
1182325 2.727031707763672
1182325 15.044927597045898
1182289 4.495143890380859
1182270 16.45493507385254
1182270 25.25806427001953
1182212 10.174989700317383
1182138 10.071992874145508
1182122 14.742136001586914
1182093 9.389877319335938
1182093 1.130819320678711
1182093 4.7779083251953125
1182093 11.059045791625977
1182093 3.3309459686279297
1182031 28.585195541381836
1182031 0.5509853363037109
1182031 2.1729469299316406
1182022 29.895782470703125
1182008 1.611948013305664
1181942 12.164831161499023
1181918 21.36993408203125
1181918 7.088184356689453
1181918 28.916120529174805
1181892 10.144948959350586
1181872 0.141143798828125
1181830 8.099079132080078
1181805 22.418975830078125
1181805 1.4128684997558594
1181758 0.6580352783203125
1181747 20.740032196044922
1181732 15.032052993774414
1181732 18.191099166870117
1181718 3.777027130126953
1181706 0.2491474151611328
1181706 0.9698867797851562
1181685 18.045902252197266
1181685 7.333993911743164
1181685 17.44389533996582
1181666 7.602930068969727
1181666 16.442060470581055
1181666 8.270978927612305
1181656 9.428024291992188
1181620 14.681100845336914
1181620 7.823944091796875
1181609 16.38317108154297
1181609 1.0039806365966797
1181578 3.7429332733154297
1181550 1.4579296112060547
1181495 8.970975875854492
1181492 18.629074096679688
1181492 9.664058685302734
1181492 3.097057342529297
1181488 1.0581016540527344
1181488 2.635955810546875
1181488 3.0989646911621094
1181488 1.4739036560058594
1181467 6.679058074951172
1181443 3.465890884399414
1181425 16.597986221313477
1181422 2.649068832397461
1181422 17.982959747314453
1181422 14.951944351196289
1181412 25.269031524658203
1181408 9.825944900512695
1181408 14.171123504638672
1181408 5.958080291748047
1181408 22.42302894592285
1181408 2.2821426391601562
1181405 12.223005294799805
1181334 17.103910446166992
1181334 2.685070037841797
1181334 1.725912094116211
1181334 9.537935256958008
1181331 8.053779602050781
1181331 5.759000778198242
1181331 10.982990264892578
1181288 13.742923736572266
1181288 17.786026000976562
1181270 10.315895080566406
1181259 17.593860626220703
1181259 7.623910903930664
1181247 23.03910255432129
1181247 27.703046798706055
1181239 25.267839431762695
1181205 1.8680095672607422
1181205 0.6778240203857422
1181205 6.946086883544922
1181171 19.30403709411621
1181168 6.599903106689453
1181151 0.67901611328125
1181151 8.239984512329102
1181151 2.8231143951416016
1181109 23.595094680786133
1181109 9.695053100585938
1181088 1.2698173522949219
1181087 5.319833755493164
1181087 20.767927169799805
1181087 1.516103744506836
1181049 4.94694709777832
1181049 2.0689964294433594
1181049 0.8540153503417969
1181032 7.994890213012695
1181016 1.9850730895996094
1180953 5.094051361083984
1180947 6.007909774780273
1180937 3.910064697265625
1180908 26.4129638671875
1180883 4.988908767700195
1180850 2.619028091430664
1180832 13.04006576538086
1180829 14.712810516357422
1180783 17.214059829711914
1180783 2.151012420654297
1180758 8.764982223510742
1180711 9.050130844116211
1180705 2.7740001678466797
1180705 16.198158264160156
1180676 3.8862228393554688
1180660 2.802133560180664
1180660 14.358997344970703
1180660 14.885187149047852
1180660 3.899097442626953
1180660 27.537107467651367
1180660 1.0409355163574219
1180639 0.7460117340087891
1180639 1.1279582977294922
1180639 1.8799304962158203
1180594 12.079000473022461
