458 0.5910396575927734
440 0.07915496826171875
440 0.05507469177246094
413 0.07200241088867188
413 0.05602836608886719
395 0.05602836608886719
373 0.05698204040527344
354 0.06413459777832031
354 0.0591278076171875
352 0.07104873657226562
350 0.07081031799316406
342 0.051021575927734375
342 0.034809112548828125
342 0.05602836608886719
336 0.06699562072753906
315 0.06413459777832031
315 0.07104873657226562
315 0.04291534423828125
315 0.08606910705566406
307 0.031948089599609375
303 0.06890296936035156
303 0.0629425048828125
303 0.06103515625
280 0.03790855407714844
280 0.05412101745605469
261 0.06508827209472656
261 0.041961669921875
261 0.033855438232421875
260 0.07009506225585938
260 0.0400543212890625
260 0.03504753112792969
260 0.04100799560546875
259 0.06413459777832031
259 0.04315376281738281
259 0.06508827209472656
259 0.047206878662109375
259 0.04696846008300781
250 0.07390975952148438
250 0.053882598876953125
250 0.053882598876953125
248 0.031948089599609375
239 0.03600120544433594
239 0.06318092346191406
239 0.07319450378417969
239 0.11491775512695312
239 0.06699562072753906
239 0.04410743713378906
239 0.04696846008300781
239 0.03409385681152344
239 0.06008148193359375
239 0.03910064697265625
237 0.080108642578125
237 0.11491775512695312
237 0.11181831359863281
237 0.06389617919921875
237 0.029087066650390625
229 0.06413459777832031
206 0.08797645568847656
206 0.06389617919921875
206 0.051975250244140625
206 0.027894973754882812
206 0.026941299438476562
206 0.03886222839355469
206 0.026941299438476562
197 0.06699562072753906
197 0.07510185241699219
196 0.08606910705566406
196 0.03409385681152344
196 0.09298324584960938
196 0.06604194641113281
196 0.08392333984375
196 0.04696846008300781
196 0.04601478576660156
196 0.05602836608886719
196 0.05507469177246094
196 0.06008148193359375
188 0.03886222839355469
188 0.007867813110351562
188 0.03504753112792969
188 0.041961669921875
188 0.027894973754882812
188 0.032901763916015625
188 0.04792213439941406
188 0.03886222839355469
183 0.051021575927734375
183 0.049114227294921875
183 0.07414817810058594
183 0.04220008850097656
162 0.05602836608886719
162 0.049114227294921875
160 0.04100799560546875
160 0.09298324584960938
160 0.03600120544433594
160 0.15306472778320312
160 0.11396408081054688
160 0.05793571472167969
160 0.030994415283203125
160 0.07295608520507812
156 0.15091896057128906
156 0.05888938903808594
156 0.03504753112792969
156 0.06198883056640625
156 0.08702278137207031
156 0.09107589721679688
156 0.007867813110351562
156 0.06890296936035156
156 0.3018379211425781
156 0.051021575927734375
156 0.08392333984375
156 0.03600120544433594
156 0.0438690185546875
156 0.04792213439941406
156 0.04601478576660156
156 0.05698204040527344
152 0.03981590270996094
152 0.07104873657226562
152 0.05602836608886719
152 0.03886222839355469
152 0.032901763916015625
152 0.04601478576660156
152 0.03409385681152344
152 0.05698204040527344
152 0.049114227294921875
152 0.03409385681152344
149 0.07700920104980469
149 0.05793571472167969
149 0.008106231689453125
149 0.049114227294921875
147 0.03981590270996094
147 0.07987022399902344
147 0.05817413330078125
147 0.08916854858398438
147 0.05507469177246094
147 0.08082389831542969
147 0.04100799560546875
147 0.11301040649414062
147 0.06413459777832031
140 0.10395050048828125
140 0.07605552673339844
140 0.03600120544433594
127 0.010967254638671875
127 0.05507469177246094
127 0.08416175842285156
127 0.0438690185546875
127 0.0438690185546875
127 0.030040740966796875
127 0.09799003601074219
125 0.05507469177246094
125 0.06508827209472656
123 0.08392333984375
123 0.041961669921875
123 0.03600120544433594
123 0.07700920104980469
123 0.0629425048828125
116 0.20599365234375
116 0.080108642578125
114 0.06914138793945312
114 0.030994415283203125
114 0.06794929504394531
114 0.030040740966796875
114 0.028848648071289062
114 0.08797645568847656
114 0.10204315185546875
114 0.07414817810058594
114 0.11301040649414062
114 0.07104873657226562
114 0.08893013000488281
114 0.08106231689453125
114 0.08893013000488281
114 0.08797645568847656
114 0.054836273193359375
114 0.10919570922851562
114 0.05078315734863281
114 0.09894371032714844
114 0.07700920104980469
114 0.10204315185546875
114 0.09393692016601562
114 0.03504753112792969
114 0.04601478576660156
114 0.029087066650390625
114 0.008106231689453125
114 0.04315376281738281
114 0.07581710815429688
114 0.06103515625
114 0.06198883056640625
114 0.053882598876953125
107 0.07295608520507812
107 0.05602836608886719
107 0.03600120544433594
107 0.030994415283203125
107 0.05221366882324219
107 0.06604194641113281
100 0.050067901611328125
100 0.09202957153320312
100 0.051021575927734375
100 0.06604194641113281
100 0.03886222839355469
100 0.009059906005859375
97 0.18477439880371094
97 0.07200241088867188
97 0.05888938903808594
97 0.08487701416015625
97 0.008106231689453125
97 0.08416175842285156
97 0.04410743713378906
96 0.06794929504394531
96 0.08797645568847656
96 0.05507469177246094
96 0.03314018249511719
96 0.06413459777832031
96 0.09608268737792969
96 0.0591278076171875
96 0.052928924560546875
96 0.027894973754882812
96 0.0629425048828125
96 0.06008148193359375
95 0.04792213439941406
95 0.049114227294921875
95 0.06580352783203125
95 0.033855438232421875
95 0.10609626770019531
95 0.041961669921875
95 0.0820159912109375
95 0.0820159912109375
95 0.06794929504394531
95 0.06198883056640625
91 0.11396408081054688
91 0.04696846008300781
87 0.07700920104980469
87 0.03314018249511719
87 0.029087066650390625
87 0.028133392333984375
87 0.08511543273925781
87 0.10800361633300781
87 0.007152557373046875
87 0.028133392333984375
87 0.06508827209472656
87 0.0591278076171875
87 0.05316734313964844
87 0.03409385681152344
87 0.07700920104980469
87 0.08296966552734375
86 0.04315376281738281
86 0.06318092346191406
86 0.08893013000488281
82 0.051975250244140625
80 0.04792213439941406
80 0.027894973754882812
80 0.027894973754882812
80 0.03409385681152344
80 0.048160552978515625
80 0.028133392333984375
80 0.10514259338378906
80 0.07295608520507812
80 0.052928924560546875
80 0.03886222839355469
80 0.03790855407714844
80 0.04506111145019531
80 0.04410743713378906
80 0.03409385681152344
80 0.0400543212890625
80 0.03600120544433594
76 0.030994415283203125
76 0.04887580871582031
76 0.052928924560546875
76 0.04100799560546875
76 0.03314018249511719
76 0.0629425048828125
76 0.07295608520507812
76 0.032901763916015625
76 0.028848648071289062
76 0.10204315185546875
76 0.007152557373046875
76 0.026941299438476562
76 0.06890296936035156
76 0.0069141387939453125
75 0.11086463928222656
75 0.051975250244140625
75 0.08296966552734375
75 0.033855438232421875
75 0.07390975952148438
75 0.054836273193359375
75 0.09894371032714844
75 0.051021575927734375
75 0.04506111145019531
75 0.026941299438476562
75 0.051021575927734375
75 0.10395050048828125
75 0.06103515625
75 0.08702278137207031
75 0.07915496826171875
75 0.08296966552734375
75 0.041961669921875
72 0.032901763916015625
72 0.07891654968261719
72 0.04482269287109375
72 0.0400543212890625
72 0.07295608520507812
72 0.08797645568847656
72 0.028848648071289062
72 0.07295608520507812
72 0.033855438232421875
72 0.06699562072753906
72 0.04601478576660156
72 0.06389617919921875
72 0.054836273193359375
72 0.08797645568847656
72 0.007867813110351562
72 0.16117095947265625
72 0.11205673217773438
72 0.1239776611328125
72 0.11801719665527344
72 0.08082389831542969
72 0.05507469177246094
70 0.09512901306152344
70 0.07700920104980469
70 0.2257823944091797
70 0.102996826171875
70 0.17786026000976562
70 0.16188621520996094
70 0.1418590545654297
70 0.19288063049316406
70 0.015020370483398438
70 0.1862049102783203
70 0.15592575073242188
70 0.10204315185546875
70 0.10609626770019531
70 0.04696846008300781
70 0.2701282501220703
70 0.11301040649414062
70 0.03910064697265625
70 0.051975250244140625
70 0.06008148193359375
70 0.08392333984375
70 0.08702278137207031
70 0.06890296936035156
70 0.09298324584960938
70 0.04100799560546875
70 0.0400543212890625
70 0.007867813110351562
70 0.07796287536621094
70 0.07987022399902344
70 0.041961669921875
70 0.054836273193359375
70 0.03600120544433594
70 0.1049041748046875
70 0.07200241088867188
70 0.15115737915039062
70 0.10991096496582031
70 0.07700920104980469
70 0.03790855407714844
70 0.03504753112792969
70 0.04982948303222656
70 0.10800361633300781
70 0.030994415283203125
70 0.09393692016601562
70 0.030994415283203125
70 0.080108642578125
70 0.03600120544433594
70 0.11301040649414062
68 0.04696846008300781
68 0.051021575927734375
68 0.08296966552734375
68 0.041961669921875
68 0.029802322387695312
68 0.03600120544433594
68 0.06389617919921875
68 0.06890296936035156
68 0.07200241088867188
68 0.06508827209472656
68 0.04887580871582031
68 0.06008148193359375
68 0.080108642578125
68 0.08893013000488281
68 0.07200241088867188
68 0.07200241088867188
68 0.008106231689453125
68 0.04291534423828125
68 0.032901763916015625
68 0.05602836608886719
68 0.04601478576660156
68 0.23603439331054688
68 0.06580352783203125
68 0.12493133544921875
68 0.07081031799316406
68 0.06818771362304688
68 0.008821487426757812
68 0.07009506225585938
68 0.05507469177246094
68 0.12493133544921875
68 0.052928924560546875
68 0.08606910705566406
68 0.09202957153320312
68 0.054836273193359375
68 0.030040740966796875
68 0.06604194641113281
68 0.09179115295410156
68 0.07390975952148438
68 0.07104873657226562
68 0.052928924560546875
68 0.07081031799316406
68 0.09202957153320312
68 0.04696846008300781
68 0.09298324584960938
68 0.07700920104980469
68 0.06794929504394531
68 0.2338886260986328
68 0.09608268737792969
68 0.03504753112792969
68 0.03409385681152344
68 0.06699562072753906
68 0.04887580871582031
68 0.03504753112792969
68 0.06008148193359375
68 0.08702278137207031
68 0.04601478576660156
68 0.051975250244140625
68 0.06699562072753906
68 0.07200241088867188
68 0.051021575927734375
68 0.080108642578125
68 0.11014938354492188
68 0.05507469177246094
68 0.026941299438476562
68 0.06318092346191406
68 0.028133392333984375
68 0.07510185241699219
68 0.04506111145019531
68 0.10085105895996094
68 0.06604194641113281
68 0.09703636169433594
68 0.0820159912109375
68 0.080108642578125
68 0.064849853515625
68 0.027894973754882812
68 0.07891654968261719
68 0.10895729064941406
68 0.03409385681152344
68 0.008821487426757812
68 0.054836273193359375
68 0.03695487976074219
68 0.06580352783203125
68 0.09393692016601562
68 0.033855438232421875
68 0.0069141387939453125
68 0.0629425048828125
68 0.06985664367675781
68 0.03886222839355469
68 0.05793571472167969
68 0.06198883056640625
68 0.08296966552734375
68 0.1399517059326172
68 0.06008148193359375
68 0.10418891906738281
68 0.08082389831542969
68 0.04100799560546875
68 0.07390975952148438
68 0.1010894775390625
66 0.08797645568847656
66 0.07390975952148438
66 0.07200241088867188
66 0.08893013000488281
66 0.04220008850097656
65 0.06198883056640625
65 0.07104873657226562
65 0.03504753112792969
65 0.04887580871582031
65 0.07605552673339844
65 0.07510185241699219
65 0.03409385681152344
65 0.07510185241699219
65 0.06890296936035156
65 0.07891654968261719
65 0.010013580322265625
65 0.07891654968261719
65 0.07390975952148438
65 0.05793571472167969
65 0.1049041748046875
65 0.06318092346191406
65 0.06794929504394531
65 0.09202957153320312
65 0.09083747863769531
65 0.05316734313964844
65 0.04410743713378906
65 0.07700920104980469
65 0.09608268737792969
65 0.049114227294921875
65 0.009059906005859375
65 0.047206878662109375
65 0.06103515625
65 0.07390975952148438
65 0.051021575927734375
65 0.01811981201171875
65 0.1068115234375
65 0.05793571472167969
65 0.10204315185546875
65 0.041961669921875
65 0.10204315185546875
65 0.0820159912109375
65 0.06508827209472656
65 0.03504753112792969
65 0.09799003601074219
65 0.10609626770019531
65 0.041961669921875
65 0.1068115234375
65 0.06079673767089844
64 0.08893013000488281
64 0.051975250244140625
64 0.04410743713378906
64 0.09083747863769531
64 0.08702278137207031
64 0.08106231689453125
64 0.06198883056640625
64 0.08797645568847656
64 0.06103515625
64 0.11110305786132812
64 0.06699562072753906
64 0.010013580322265625
64 0.008106231689453125
64 0.07104873657226562
64 0.2028942108154297
64 0.10800361633300781
64 0.07104873657226562
64 0.09417533874511719
63 0.15997886657714844
63 0.07200241088867188
63 0.14400482177734375
62 0.09179115295410156
62 0.051975250244140625
62 0.10395050048828125
62 0.125885009765625
62 0.064849853515625
62 0.09584426879882812
62 0.010013580322265625
62 0.049114227294921875
62 0.07295608520507812
62 0.05698204040527344
62 0.09703636169433594
62 0.04410743713378906
62 0.08296966552734375
61 0.05698204040527344
61 0.05507469177246094
61 0.041961669921875
61 0.03814697265625
61 0.06818771362304688
61 0.08916854858398438
61 0.03695487976074219
61 0.03600120544433594
61 0.08487701416015625
61 0.07104873657226562
61 0.06103515625
61 0.04887580871582031
61 0.030994415283203125
61 0.04482269287109375
61 0.07796287536621094
61 0.05984306335449219
61 0.06103515625
61 0.06008148193359375
61 0.08797645568847656
61 0.064849853515625
61 0.13494491577148438
61 0.04315376281738281
61 0.06198883056640625
61 0.03218650817871094
61 0.06008148193359375
61 0.053882598876953125
61 0.04696846008300781
61 0.06508827209472656
61 0.08511543273925781
61 0.03695487976074219
61 0.029802322387695312
61 0.03600120544433594
61 0.08487701416015625
61 0.04506111145019531
61 0.0820159912109375
61 0.041961669921875
61 0.09608268737792969
61 0.06914138793945312
61 0.04982948303222656
61 0.030994415283203125
61 0.0820159912109375
61 0.030994415283203125
61 0.07700920104980469
61 0.08797645568847656
60 0.03600120544433594
60 0.04792213439941406
60 0.06794929504394531
60 0.055789947509765625
60 0.0591278076171875
60 0.08606910705566406
60 0.08606910705566406
60 0.10204315185546875
60 0.09393692016601562
60 0.11396408081054688
60 0.11992454528808594
60 0.09512901306152344
60 0.0629425048828125
60 0.06008148193359375
60 0.07605552673339844
60 0.09703636169433594
60 0.04220008850097656
60 0.009059906005859375
60 0.08678436279296875
60 0.03695487976074219
60 0.07200241088867188
60 0.04601478576660156
60 0.03719329833984375
60 0.052928924560546875
60 0.03695487976074219
60 0.08392333984375
60 0.04410743713378906
60 0.05507469177246094
60 0.032901763916015625
60 0.09512901306152344
60 0.047206878662109375
59 0.08702278137207031
59 0.1270771026611328
59 0.05698204040527344
59 0.09608268737792969
59 0.15091896057128906
58 0.10013580322265625
58 0.10991096496582031
58 0.0629425048828125
58 0.06008148193359375
58 0.05817413330078125
58 0.03910064697265625
58 0.008821487426757812
58 0.03910064697265625
58 0.11610984802246094
58 0.09202957153320312
58 0.05602836608886719
58 0.05602836608886719
58 0.09417533874511719
58 0.008106231689453125
58 0.09417533874511719
58 0.04410743713378906
58 0.051975250244140625
58 0.08392333984375
58 0.09608268737792969
58 0.08106231689453125
57 0.04291534423828125
57 0.053882598876953125
57 0.03790855407714844
57 0.06890296936035156
57 0.09799003601074219
57 0.028133392333984375
57 0.007152557373046875
57 0.05793571472167969
57 0.04100799560546875
57 0.053882598876953125
57 0.03790855407714844
57 0.06198883056640625
57 0.03314018249511719
57 0.04100799560546875
57 0.04601478576660156
57 0.05698204040527344
57 0.04291534423828125
57 0.06103515625
57 0.11301040649414062
57 0.027894973754882812
57 0.032901763916015625
57 0.09894371032714844
57 0.09894371032714844
57 0.08106231689453125
57 0.04601478576660156
57 0.08511543273925781
57 0.008106231689453125
57 0.0629425048828125
57 0.07605552673339844
57 0.05602836608886719
57 0.07796287536621094
57 0.08082389831542969
57 0.07605552673339844
55 0.03695487976074219
55 0.026941299438476562
55 0.07891654968261719
55 0.08392333984375
55 0.008106231689453125
54 0.10204315185546875
54 0.13589859008789062
54 0.03409385681152344
54 0.05316734313964844
54 0.028133392333984375
54 0.0629425048828125
54 0.06008148193359375
54 0.06914138793945312
54 0.05412101745605469
54 0.03790855407714844
54 0.03314018249511719
54 0.03314018249511719
54 0.048160552978515625
54 0.05817413330078125
54 0.06508827209472656
54 0.04506111145019531
54 0.11897087097167969
54 0.08916854858398438
54 0.049114227294921875
54 0.03314018249511719
54 0.06604194641113281
54 0.027894973754882812
54 0.08392333984375
54 0.09393692016601562
54 0.05817413330078125
54 0.03314018249511719
54 0.007152557373046875
54 0.09107589721679688
54 0.007867813110351562
54 0.04506111145019531
54 0.08487701416015625
54 0.05888938903808594
54 0.034809112548828125
54 0.049114227294921875
54 0.08797645568847656
54 0.0069141387939453125
53 0.031948089599609375
53 0.05698204040527344
53 0.028133392333984375
53 0.03314018249511719
53 0.027179718017578125
53 0.05412101745605469
53 0.028133392333984375
53 0.11610984802246094
53 0.11801719665527344
53 0.08702278137207031
53 0.06318092346191406
53 0.12803077697753906
53 0.06699562072753906
53 0.027894973754882812
53 0.09012222290039062
53 0.0400543212890625
53 0.052928924560546875
53 0.032901763916015625
53 0.06890296936035156
53 0.09918212890625
53 0.03790855407714844
53 0.09298324584960938
53 0.03981590270996094
53 0.1049041748046875
53 0.11205673217773438
53 0.03600120544433594
53 0.09107589721679688
53 0.08797645568847656
53 0.19693374633789062
53 0.1399517059326172
53 0.11110305786132812
53 0.15091896057128906
53 0.11801719665527344
51 0.05602836608886719
51 0.008106231689453125
51 0.10609626770019531
51 0.04506111145019531
51 0.09012222290039062
51 0.32711029052734375
51 0.08702278137207031
51 0.08988380432128906
51 0.0400543212890625
51 0.10013580322265625
51 0.06604194641113281
51 0.007867813110351562
51 0.11491775512695312
51 0.06508827209472656
51 0.09894371032714844
51 0.04887580871582031
51 0.09799003601074219
51 0.030994415283203125
51 0.09489059448242188
51 0.11491775512695312
51 0.09703636169433594
51 0.05412101745605469
51 0.0591278076171875
51 0.04410743713378906
51 0.07200241088867188
51 0.050067901611328125
51 0.04696846008300781
51 0.027894973754882812
51 0.09608268737792969
51 0.03719329833984375
51 0.050067901611328125
51 0.11110305786132812
51 0.07295608520507812
51 0.07796287536621094
51 0.03910064697265625
51 0.06389617919921875
51 0.06103515625
51 0.1971721649169922
51 0.055789947509765625
51 0.03504753112792969
51 0.09083747863769531
51 0.05793571472167969
51 0.06389617919921875
51 0.06103515625
51 0.06794929504394531
51 0.032901763916015625
51 0.027894973754882812
51 0.09989738464355469
51 0.0591278076171875
51 0.028133392333984375
51 0.08392333984375
51 0.06198883056640625
51 0.07200241088867188
51 0.1480579376220703
51 0.015974044799804688
51 0.16117095947265625
51 0.1289844512939453
51 0.06413459777832031
51 0.03886222839355469
51 0.09202957153320312
51 0.0820159912109375
51 0.102996826171875
51 0.008821487426757812
51 0.07915496826171875
51 0.10204315185546875
51 0.0438690185546875
51 0.10514259338378906
51 0.03600120544433594
51 0.07700920104980469
51 0.04887580871582031
51 0.09989738464355469
51 0.04315376281738281
51 0.0591278076171875
51 0.09799003601074219
51 0.09918212890625
51 0.16307830810546875
51 0.03814697265625
51 0.04506111145019531
51 0.008821487426757812
51 0.09012222290039062
51 0.12493133544921875
51 0.07796287536621094
51 0.08416175842285156
51 0.008106231689453125
51 0.09298324584960938
51 0.08916854858398438
51 0.030040740966796875
51 0.05698204040527344
51 0.054836273193359375
51 0.008106231689453125
51 0.11396408081054688
51 0.09799003601074219
51 0.03695487976074219
51 0.09202957153320312
51 0.0069141387939453125
51 0.049114227294921875
51 0.050067901611328125
51 0.028133392333984375
51 0.07700920104980469
50 0.10085105895996094
50 0.04410743713378906
50 0.049114227294921875
49 0.09012222290039062
49 0.029087066650390625
49 0.11181831359863281
49 0.09512901306152344
49 0.09179115295410156
49 0.028133392333984375
49 0.06604194641113281
49 0.05984306335449219
49 0.0069141387939453125
49 0.10800361633300781
49 0.10585784912109375
49 0.03695487976074219
49 0.03790855407714844
49 0.11491775512695312
49 0.033855438232421875
49 0.041961669921875
49 0.08106231689453125
49 0.08702278137207031
48 0.07414817810058594
48 0.09012222290039062
48 0.008106231689453125
48 0.04792213439941406
48 0.06890296936035156
48 0.027894973754882812
47 0.08106231689453125
47 0.029087066650390625
47 0.03314018249511719
47 0.028133392333984375
47 0.028133392333984375
47 0.06103515625
47 0.07414817810058594
47 0.034809112548828125
47 0.026941299438476562
47 0.027894973754882812
47 0.064849853515625
47 0.0438690185546875
47 0.07987022399902344
47 0.06699562072753906
47 0.07295608520507812
47 0.05316734313964844
47 0.051975250244140625
47 0.052928924560546875
47 0.032901763916015625
47 0.04601478576660156
47 0.1010894775390625
47 0.04601478576660156
47 0.0438690185546875
47 0.04601478576660156
47 0.03409385681152344
47 0.06413459777832031
47 0.0591278076171875
47 0.04410743713378906
47 0.03314018249511719
47 0.07915496826171875
47 0.09799003601074219
47 0.032901763916015625
47 0.0069141387939453125
47 0.031948089599609375
46 0.07796287536621094
46 0.05888938903808594
46 0.08392333984375
46 0.052928924560546875
46 0.027894973754882812
46 0.04887580871582031
46 0.05793571472167969
46 0.07891654968261719
46 0.09322166442871094
46 0.06508827209472656
46 0.007152557373046875
46 0.09894371032714844
46 0.008106231689453125
46 0.05793571472167969
46 0.09489059448242188
46 0.05793571472167969
46 0.07486343383789062
46 0.03886222839355469
46 0.08106231689453125
46 0.03314018249511719
46 0.007152557373046875
46 0.04315376281738281
46 0.06103515625
46 0.03981590270996094
46 0.032901763916015625
46 0.032901763916015625
46 0.07891654968261719
46 0.08797645568847656
46 0.031948089599609375
46 0.09512901306152344
46 0.028133392333984375
46 0.03314018249511719
46 0.028133392333984375
46 0.03409385681152344
46 0.03314018249511719
46 0.0400543212890625
46 0.0069141387939453125
46 0.027894973754882812
44 0.03886222839355469
42 0.11801719665527344
39 0.11706352233886719
39 0.07891654968261719
39 0.07104873657226562
39 0.048160552978515625
39 0.028133392333984375
39 0.029087066650390625
39 0.04696846008300781
39 0.04696846008300781
39 0.007867813110351562
37 0.054836273193359375
37 0.07987022399902344
37 0.10991096496582031
37 0.05412101745605469
37 0.06198883056640625
37 0.09083747863769531
37 0.027894973754882812
37 0.026941299438476562
37 0.06389617919921875
37 0.06198883056640625
37 0.04696846008300781
37 0.08416175842285156
37 0.06818771362304688
37 0.04100799560546875
37 0.0438690185546875
37 0.06699562072753906
37 0.1399517059326172
37 0.051021575927734375
37 0.11110305786132812
37 0.07510185241699219
37 0.04506111145019531
37 0.0438690185546875
37 0.09703636169433594
37 0.080108642578125
37 0.007867813110351562
37 0.06580352783203125
37 0.1461505889892578
37 0.033855438232421875
37 0.04792213439941406
37 0.22602081298828125
37 0.1609325408935547
37 0.10991096496582031
37 0.030040740966796875
37 0.08392333984375
37 0.06008148193359375
37 0.03600120544433594
37 0.03504753112792969
37 0.06198883056640625
37 0.03314018249511719
37 0.03314018249511719
37 0.08606910705566406
37 0.008106231689453125
37 0.041961669921875
37 0.052928924560546875
37 0.05507469177246094
