37004 54.30006980895996
37000 0.3139972686767578
36988 0.8440017700195312
36988 1.4410018920898438
36981 0.7579326629638672
36957 0.7519721984863281
36925 1.1990070343017578
36852 1.1949539184570312
36852 0.7410049438476562
36852 0.33402442932128906
36823 0.9310245513916016
36789 0.6940364837646484
36789 0.7259845733642578
36766 1.146078109741211
36762 0.8828639984130859
36753 0.5991458892822266
36737 0.42819976806640625
36704 0.4119873046875
36657 0.7569789886474609
36655 0.07200241088867188
36655 0.03790855407714844
36655 0.7560253143310547
36655 0.7770061492919922
36629 0.8909702301025391
36595 1.1820793151855469
36565 1.074075698852539
36559 0.6170272827148438
36558 0.7829666137695312
36554 0.09989738464355469
36554 0.04506111145019531
36554 0.2701282501220703
36527 0.08296966552734375
36470 0.3998279571533203
36456 1.2080669403076172
36438 0.4839897155761719
36432 0.30994415283203125
36432 0.8130073547363281
36390 0.4730224609375
36383 0.26679039001464844
36365 1.032114028930664
36316 1.2021064758300781
36283 0.2238750457763672
36267 0.3139972686767578
36241 1.1870861053466797
36241 0.5171298980712891
36241 0.11491775512695312
36241 0.5218982696533203
36186 0.9679794311523438
36185 1.0020732879638672
36185 0.3178119659423828
36185 0.21910667419433594
36183 0.6902217864990234
36183 0.28514862060546875
36145 0.1900196075439453
36088 0.2551078796386719
36088 0.4711151123046875
36088 0.4889965057373047
36069 0.6380081176757812
36069 0.8168220520019531
36069 1.1980533599853516
36069 0.1270771026611328
36069 0.2911090850830078
36069 0.10895729064941406
36069 0.7531642913818359
36069 0.9999275207519531
36051 0.3230571746826172
36051 0.9989738464355469
36051 0.5869865417480469
36040 0.37217140197753906
36040 0.9748935699462891
36016 0.6699562072753906
36016 1.1949539184570312
36002 1.2819766998291016
35997 0.2200603485107422
35970 0.904083251953125
35970 0.46515464782714844
35948 0.10800361633300781
35948 1.7309188842773438
35948 0.9961128234863281
35948 0.44608116149902344
35861 1.3399124145507812
35861 1.3401508331298828
35844 0.3211498260498047
35842 0.2219676971435547
35842 0.7162094116210938
35800 0.6289482116699219
35780 0.48804283142089844
35780 0.1609325408935547
35780 0.10395050048828125
35752 0.09703636169433594
35731 0.1780986785888672
35731 0.4570484161376953
35731 1.155853271484375
35721 0.14090538024902344
35721 0.6558895111083984
35721 0.8459091186523438
35721 0.18715858459472656
35717 0.6320476531982422
35717 0.7100105285644531
35648 0.988006591796875
35614 0.186920166015625
35597 0.3979206085205078
35594 0.3960132598876953
35594 1.3589859008789062
35594 0.8580684661865234
35526 1.1551380157470703
35522 0.8380413055419922
35468 0.9109973907470703
35468 0.19097328186035156
35468 0.3361701965332031
35433 0.19216537475585938
35427 1.1229515075683594
35358 0.23698806762695312
35327 0.45680999755859375
35315 0.9579658508300781
35310 0.34999847412109375
35308 0.14019012451171875
35280 0.3821849822998047
35273 0.5619525909423828
35273 0.26607513427734375
35273 0.5779266357421875
35273 0.6489753723144531
35273 0.9570121765136719
35268 0.15306472778320312
35268 0.4341602325439453
35268 1.026153564453125
35268 0.7200241088867188
35254 0.5328655242919922
35239 1.1739730834960938
35181 0.1220703125
35154 0.2601146697998047
35149 0.3428459167480469
35149 0.38695335388183594
35136 1.4109611511230469
35136 0.7538795471191406
35129 1.3370513916015625
35129 0.4820823669433594
35126 1.1959075927734375
35126 0.9529590606689453
35118 0.8680820465087891
35118 1.505136489868164
35118 0.7801055908203125
35118 0.2789497375488281
35118 0.6060600280761719
35118 0.9260177612304688
35118 0.6361007690429688
35118 1.15203857421875
35118 1.0039806365966797
35108 0.6299018859863281
35108 1.3170242309570312
35103 0.7109642028808594
35093 1.0738372802734375
35093 1.0840892791748047
35092 0.6270408630371094
35092 0.2219676971435547
35092 0.3571510314941406
35086 0.13494491577148438
35074 0.21600723266601562
35034 0.7009506225585938
35031 0.3688335418701172
35005 0.49614906311035156
34987 1.0738372802734375
34986 0.5538463592529297
34982 0.5981922149658203
34951 1.1649131774902344
34908 0.4200935363769531
34888 0.5691051483154297
34847 0.5788803100585938
34809 0.8158683776855469
34787 0.1251697540283203
34782 0.4401206970214844
34779 0.07987022399902344
34779 0.5080699920654297
34779 0.42700767517089844
34779 0.518798828125
34779 0.20503997802734375
34779 0.19788742065429688
34771 0.2841949462890625
34771 0.3001689910888672
34733 0.3581047058105469
34698 0.1678466796875
34698 0.1971721649169922
34690 0.4329681396484375
34690 0.5750656127929688
34673 0.4258155822753906
34668 0.9310245513916016
34668 0.15592575073242188
34668 0.3039836883544922
34655 0.5409717559814453
34641 0.3681182861328125
34641 0.7109642028808594
34641 0.9419918060302734
34640 0.3159046173095703
34638 1.3051033020019531
34638 0.49304962158203125
34638 0.43702125549316406
34628 0.6442070007324219
34628 0.4088878631591797
34608 0.11086463928222656
34604 0.49304962158203125
34604 0.2899169921875
34588 0.6220340728759766
34559 0.16689300537109375
34543 0.4730224609375
34543 0.13709068298339844
34506 0.9100437164306641
34506 0.6380081176757812
34469 1.477956771850586
34469 0.03790855407714844
34453 0.55694580078125
34453 1.0638236999511719
34453 0.40602684020996094
34453 0.7741451263427734
34453 0.34499168395996094
34448 0.5929470062255859
34426 0.3159046173095703
34414 0.5199909210205078
34387 0.7119178771972656
34350 0.4191398620605469
34335 0.12493133544921875
34328 0.3809928894042969
34328 0.6961822509765625
34328 0.2579689025878906
34328 0.6401538848876953
34323 0.29087066650390625
34303 0.9179115295410156
34303 0.6520748138427734
34303 1.1761188507080078
34269 1.3489723205566406
34269 0.4248619079589844
34269 0.4749298095703125
34269 1.0328292846679688
34253 1.0099411010742188
34227 0.576019287109375
34227 0.7531642913818359
34197 0.07486343383789062
34197 0.21600723266601562
34115 0.4680156707763672
34115 0.45490264892578125
34115 0.26798248291015625
34115 0.4849433898925781
34064 0.804901123046875
34058 0.3769397735595703
34050 1.0509490966796875
34010 0.5481243133544922
33983 1.1150836944580078
33983 1.5010833740234375
33950 0.42700767517089844
33914 0.5979537963867188
33884 0.5021095275878906
33884 0.8289813995361328
33884 0.6520748138427734
33878 0.12111663818359375
33878 0.6859302520751953
33878 0.164031982421875
33861 0.9708404541015625
33852 0.3650188446044922
33829 0.1251697540283203
33818 0.40912628173828125
33810 1.6770362854003906
33786 0.7190704345703125
33726 1.1851787567138672
33726 0.23889541625976562
33726 0.4210472106933594
33714 0.3478527069091797
33701 0.7770061492919922
33701 1.4939308166503906
33685 0.8909702301025391
33679 1.0099411010742188
33679 0.8668899536132812
33679 1.271963119506836
33679 0.164031982421875
33679 0.3421306610107422
33670 0.8678436279296875
33670 0.8840560913085938
33670 0.2319812774658203
33617 0.5571842193603516
33588 0.9748935699462891
33588 0.4448890686035156
33585 0.2257823944091797
33585 0.3178119659423828
33578 0.7781982421875
33578 0.0858306884765625
33568 0.9131431579589844
33568 0.06389617919921875
33568 0.2071857452392578
33552 0.3299713134765625
33545 0.5710124969482422
33545 0.7190704345703125
33545 0.36907196044921875
33539 1.257181167602539
33510 0.6501674652099609
33508 0.4589557647705078
33508 0.7059574127197266
33486 1.2099742889404297
33486 0.36406517028808594
33479 0.5979537963867188
33479 0.804901123046875
33444 0.7050037384033203
33444 0.17309188842773438
33444 0.55694580078125
33444 0.9598731994628906
33444 0.5869865417480469
33425 0.6620883941650391
33425 0.3070831298828125
33425 0.34117698669433594
33420 1.5838146209716797
33410 1.1889934539794922
33410 1.013040542602539
33410 1.3129711151123047
33390 0.34809112548828125
33390 0.4661083221435547
33344 0.8320808410644531
33344 0.2980232238769531
33324 1.3108253479003906
33324 0.3120899200439453
33283 0.3840923309326172
33273 1.0268688201904297
33207 0.3809928894042969
33207 0.08392333984375
33207 1.1050701141357422
33207 0.10895729064941406
33202 0.6659030914306641
33202 0.4410743713378906
33147 0.286102294921875
33147 0.05412101745605469
33093 0.4000663757324219
33083 0.3390312194824219
33083 1.3239383697509766
33057 0.14591217041015625
33050 0.23508071899414062
33026 0.08916854858398438
33010 0.14400482177734375
33010 0.25010108947753906
33010 0.8351802825927734
33010 0.33402442932128906
33010 1.0569095611572266
33010 0.9717941284179688
32938 0.6470680236816406
32938 0.6530284881591797
32928 0.5109310150146484
32887 0.7581710815429688
32887 0.9369850158691406
32887 0.06890296936035156
32868 0.9160041809082031
32808 1.0027885437011719
32796 0.6120204925537109
32791 0.9791851043701172
32791 1.8639564514160156
32791 1.071929931640625
32791 0.19598007202148438
32791 0.3609657287597656
32740 0.3237724304199219
32732 0.7009506225585938
32727 0.40912628173828125
32705 1.3420581817626953
32705 0.7710456848144531
32705 0.23484230041503906
32705 0.3170967102050781
32666 0.5390644073486328
32666 0.4699230194091797
32666 1.232147216796875
32643 0.5500316619873047
32637 1.0919570922851562
32619 0.3910064697265625
32579 0.9858608245849609
32579 0.32520294189453125
32579 0.6279945373535156
32554 1.1658668518066406
32535 0.3440380096435547
32532 0.5309581756591797
32522 0.3628730773925781
32487 0.6539821624755859
32487 0.8339881896972656
32487 0.6549358367919922
32487 0.24890899658203125
32487 0.7960796356201172
32487 0.2918243408203125
32487 0.7560253143310547
32463 0.9260177612304688
32463 1.013040542602539
32447 0.21696090698242188
32429 0.5168914794921875
32429 1.5091896057128906
32429 0.3840923309326172
32426 1.1589527130126953
32412 0.21600723266601562
32399 1.455068588256836
32363 0.10204315185546875
32360 1.1470317840576172
32357 0.6749629974365234
32357 0.3490447998046875
32330 0.8249282836914062
32319 0.9942054748535156
32319 0.8630752563476562
32319 0.431060791015625
32319 0.23317337036132812
32308 1.3439655303955078
32308 0.9241104125976562
32308 0.1399517059326172
32308 0.13494491577148438
32308 0.5240440368652344
32308 0.5621910095214844
32308 0.6761550903320312
32308 0.2980232238769531
32308 0.26297569274902344
32308 0.2391338348388672
32250 0.5288124084472656
32239 0.9241104125976562
32220 0.4661083221435547
32220 0.3559589385986328
32200 0.49805641174316406
32188 0.14519691467285156
32188 0.2951622009277344
32179 0.40721893310546875
32129 0.3800392150878906
32129 0.1049041748046875
32116 0.14710426330566406
32099 0.21219253540039062
32099 0.06794929504394531
32099 0.5810260772705078
32099 0.4761219024658203
32081 0.07891654968261719
32068 0.7259845733642578
32058 0.29921531677246094
32058 0.13709068298339844
32058 0.7719993591308594
32058 0.39196014404296875
32058 0.5388259887695312
32011 0.9150505065917969
32011 1.7120838165283203
32011 0.7369518280029297
32011 1.2309551239013672
31929 0.8950233459472656
31929 0.37097930908203125
31929 0.8640289306640625
31929 0.36597251892089844
31921 0.5331039428710938
31905 0.11491775512695312
31905 0.41222572326660156
31905 0.4420280456542969
31899 0.96893310546875
31870 0.49614906311035156
31870 0.5431175231933594
31831 1.2509822845458984
31784 0.22912025451660156
31784 0.5238056182861328
31738 0.46896934509277344
31690 0.26798248291015625
31671 1.1310577392578125
31614 0.43892860412597656
31614 1.065969467163086
31614 0.7300376892089844
31614 0.2739429473876953
31596 1.1539459228515625
31595 0.7190704345703125
31595 0.3800392150878906
31595 0.4200935363769531
31579 0.24390220642089844
31564 0.8840560913085938
31563 0.10800361633300781
31490 0.8111000061035156
31490 0.1049041748046875
31490 0.16307830810546875
31473 0.3750324249267578
31473 0.6380081176757812
31473 0.6449222564697266
31461 0.8611679077148438
31430 0.09179115295410156
31411 0.4401206970214844
31411 0.09703636169433594
31411 0.8230209350585938
31409 0.1270771026611328
31395 0.47206878662109375
31385 0.5478858947753906
31385 0.3299713134765625
31385 0.2899169921875
31385 0.7770061492919922
31378 0.3399848937988281
31378 0.2999305725097656
31378 0.3490447998046875
31372 0.3781318664550781
31372 0.7779598236083984
31372 0.41103363037109375
31372 0.7681846618652344
31343 0.7228851318359375
31343 0.8280277252197266
31343 0.35190582275390625
31343 0.492095947265625
31331 0.3440380096435547
31323 1.09100341796875
31323 0.6279945373535156
31323 0.051021575927734375
31314 0.5769729614257812
31314 0.11086463928222656
31275 0.453948974609375
31275 0.3650188446044922
31238 0.47588348388671875
31238 0.7131099700927734
31238 0.6318092346191406
31238 0.2799034118652344
31236 1.065969467163086
31236 1.1260509490966797
31236 0.7998943328857422
31183 0.6201267242431641
31183 1.0559558868408203
31183 1.2671947479248047
31178 0.17499923706054688
31178 0.23698806762695312
31147 1.1589527130126953
31147 0.7970333099365234
31147 1.0221004486083984
31142 0.45299530029296875
31121 0.3199577331542969
31121 0.8070468902587891
31121 0.6678104400634766
31088 0.12111663818359375
31087 0.7388591766357422
31087 0.31304359436035156
31081 0.19812583923339844
31080 0.43511390686035156
31071 0.36787986755371094
31029 1.0759830474853516
30982 0.14901161193847656
30982 0.3330707550048828
30982 0.2999305725097656
30978 0.26607513427734375
30978 0.20694732666015625
30971 0.1361370086669922
30971 0.8051395416259766
30971 0.1468658447265625
30971 0.24700164794921875
30971 0.7410049438476562
30971 0.6289482116699219
30971 0.2999305725097656
30937 0.5190372467041016
30932 0.2760887145996094
30922 0.3688335418701172
30922 0.19311904907226562
30915 0.36597251892089844
30908 0.9877681732177734
30877 0.30422210693359375
30877 0.26416778564453125
30877 0.6990432739257812
30877 0.15211105346679688
30877 0.5769729614257812
30877 0.12278556823730469
30863 0.4100799560546875
30855 0.04887580871582031
30844 0.46896934509277344
30841 0.22292137145996094
30841 0.7138252258300781
30841 0.8389949798583984
30833 0.13899803161621094
30816 0.18310546875
30815 0.43487548828125
30773 0.598907470703125
30773 0.2551078796386719
30773 0.3559589385986328
30773 0.3819465637207031
30773 0.40793418884277344
30747 0.6449222564697266
30732 0.5640983581542969
30732 0.39887428283691406
30729 0.21004676818847656
30725 0.5908012390136719
30722 0.26798248291015625
30680 0.20313262939453125
30680 0.4761219024658203
30662 0.29778480529785156
30652 0.5929470062255859
30652 0.2009868621826172
30645 0.2751350402832031
30603 0.22792816162109375
30593 0.46896934509277344
30593 0.6930828094482422
30593 0.35190582275390625
30577 0.8089542388916016
30577 0.2410411834716797
30577 0.675201416015625
30577 0.61798095703125
30577 1.3608932495117188
30577 1.2328624725341797
30577 1.1959075927734375
30577 0.6010532379150391
30577 1.3000965118408203
30577 0.9419918060302734
30577 0.2529621124267578
30577 0.8611679077148438
30577 0.5848407745361328
30573 0.415802001953125
30558 0.32901763916015625
30558 0.3790855407714844
30540 0.41484832763671875
30532 0.4229545593261719
30529 0.36215782165527344
30522 0.07915496826171875
30510 0.4069805145263672
30510 0.3879070281982422
30510 0.2841949462890625
30510 0.225067138671875
30510 0.08487701416015625
30510 0.5300045013427734
30497 0.11110305786132812
30431 0.6721019744873047
30429 0.3058910369873047
30429 0.5810260772705078
30407 0.10395050048828125
30407 0.5011558532714844
30396 0.12087821960449219
30396 0.9710788726806641
30396 0.24580955505371094
30396 1.087188720703125
30396 0.22482872009277344
30396 0.3249645233154297
30396 0.19502639770507812
30396 0.7200241088867188
30385 0.6949901580810547
30341 0.3161430358886719
30341 0.3249645233154297
30341 0.804901123046875
30341 0.7669925689697266
30315 0.3139972686767578
30315 0.15306472778320312
30315 0.38886070251464844
30293 0.6821155548095703
30293 1.0030269622802734
30277 0.9028911590576172
30268 0.7550716400146484
30268 0.4260540008544922
30268 0.06103515625
30249 0.5879402160644531
30249 0.3509521484375
30249 1.241922378540039
30249 0.4730224609375
30249 0.5731582641601562
30249 0.8358955383300781
30242 0.8158683776855469
30234 0.2281665802001953
30234 0.23889541625976562
30234 0.7150173187255859
30228 0.8289813995361328
30224 1.199960708618164
30224 0.4558563232421875
30213 0.34499168395996094
30208 0.20313262939453125
30199 0.5230903625488281
30199 0.6380081176757812
30199 1.194000244140625
30199 0.17881393432617188
30133 0.37980079650878906
30127 0.3609657287597656
30127 0.3361701965332031
30127 0.8339881896972656
30127 0.33211708068847656
30127 1.016855239868164
30127 0.7541179656982422
30127 0.1678466796875
30114 0.9009838104248047
30092 0.5230903625488281
30084 0.2949237823486328
30076 1.0631084442138672
30060 0.5638599395751953
30060 0.698089599609375
30044 0.9770393371582031
30044 0.1800060272216797
30044 0.08296966552734375
30018 0.37384033203125
29970 0.40793418884277344
29970 0.3800392150878906
29959 0.5090236663818359
29942 0.32782554626464844
29913 0.22602081298828125
29913 0.3979206085205078
29913 0.15687942504882812
29913 0.2961158752441406
29896 0.19407272338867188
29870 0.6248950958251953
29850 0.4620552062988281
29841 0.6239414215087891
29815 0.3459453582763672
29810 0.37598609924316406
29752 0.5488395690917969
29734 0.5230903625488281
29709 0.20384788513183594
29709 0.5929470062255859
29709 0.2560615539550781
29697 0.16617774963378906
29697 0.3571510314941406
29666 0.2980232238769531
29666 0.0629425048828125
29666 0.34499168395996094
29662 0.331878662109375
29662 0.5190372467041016
29660 0.6449222564697266
29636 1.0759830474853516
29634 0.23698806762695312
29620 0.15592575073242188
29612 1.1038780212402344
29579 0.07605552673339844
29579 0.2219676971435547
29569 0.3609657287597656
29556 0.33402442932128906
29530 1.0237693786621094
29523 0.39386749267578125
29473 0.4050731658935547
29473 0.186920166015625
29473 0.23293495178222656
29473 0.2269744873046875
29473 0.2028942108154297
29464 0.49304962158203125
29463 0.3910064697265625
29463 0.3039836883544922
29463 0.4119873046875
29463 0.5259513854980469
29463 0.32806396484375
29463 0.051021575927734375
29448 0.3199577331542969
29448 0.2739429473876953
29448 0.7650852203369141
29400 0.2930164337158203
29400 0.6670951843261719
29391 0.4990100860595703
29391 0.49686431884765625
29391 0.2751350402832031
29359 0.30684471130371094
29359 1.0919570922851562
29359 0.2529621124267578
29349 0.5340576171875
29349 0.08702278137207031
29349 0.3159046173095703
29349 0.4780292510986328
29349 0.7719993591308594
29345 0.6489753723144531
29345 0.7040500640869141
29345 0.26607513427734375
29334 0.8599758148193359
29333 0.25391578674316406
29333 0.41103363037109375
29333 0.5171298980712891
29333 0.11801719665527344
29327 0.17905235290527344
29327 0.7328987121582031
29306 0.3800392150878906
29306 0.35500526428222656
29306 0.49686431884765625
29281 0.5280971527099609
29281 0.6849765777587891
29281 0.6058216094970703
29281 0.4191398620605469
29281 0.22101402282714844
29281 1.0600090026855469
29281 0.1220703125
29278 0.9350776672363281
29278 0.3249645233154297
29278 0.3731250762939453
29278 0.17499923706054688
29278 0.9431838989257812
29276 0.45990943908691406
29276 0.5159378051757812
29276 0.41103363037109375
29272 0.32401084899902344
29272 0.8521080017089844
29272 1.0628700256347656
29272 0.5128383636474609
29272 0.2219676971435547
29272 0.29206275939941406
29268 0.6241798400878906
29268 0.2791881561279297
29262 0.2448558807373047
29262 0.1919269561767578
29262 0.16117095947265625
29262 0.9710788726806641
29262 0.43487548828125
29262 1.007080078125
29262 0.24700164794921875
29262 0.2498626708984375
29262 0.2510547637939453
29262 0.13494491577148438
29213 0.04887580871582031
29213 0.4909038543701172
29213 0.4830360412597656
29212 0.6659030914306641
29212 0.21886825561523438
29204 0.39315223693847656
29204 0.4558563232421875
29204 0.4508495330810547
29183 0.1220703125
29176 0.27489662170410156
29176 0.23293495178222656
29176 0.2129077911376953
29170 0.5919933319091797
29170 1.116037368774414
29170 0.44989585876464844
29144 1.0800361633300781
29144 0.6849765777587891
29144 0.17189979553222656
29144 0.9748935699462891
29115 0.13017654418945312
29115 0.202178955078125
29115 0.34499168395996094
29113 0.7119178771972656
29113 0.07915496826171875
29100 0.3387928009033203
29100 0.1800060272216797
29100 0.7128715515136719
29063 0.6079673767089844
29063 0.762939453125
29063 0.9300708770751953
29060 0.6051063537597656
28975 0.44083595275878906
28929 0.3521442413330078
28929 0.17905235290527344
28929 1.0328292846679688
28929 0.7841587066650391
28922 0.22482872009277344
28920 0.5869865417480469
28898 0.6659030914306641
28898 0.576019287109375
28894 0.8180141448974609
28894 1.2888908386230469
28885 1.02996826171875
28867 0.41103363037109375
28857 0.6718635559082031
28853 0.30303001403808594
28853 0.7390975952148438
28840 1.216888427734375
28840 0.6849765777587891
28840 0.347137451171875
28790 0.32711029052734375
28790 0.6430149078369141
28790 0.37288665771484375
28790 0.7088184356689453
28720 0.5419254302978516
28720 0.8640289306640625
28719 0.40411949157714844
28719 0.186920166015625
28719 1.8281936645507812
28718 1.3310909271240234
28623 0.9591579437255859
28595 0.5290508270263672
28595 0.08392333984375
28595 0.7131099700927734
28570 0.4630088806152344
28570 1.1360645294189453
28551 0.3020763397216797
28551 0.6000995635986328
28551 1.2891292572021484
28551 0.35190582275390625
28551 0.6368160247802734
28551 0.49185752868652344
28551 0.2110004425048828
28551 0.1239776611328125
28546 0.36716461181640625
28546 1.1479854583740234
28539 0.36597251892089844
28539 0.24008750915527344
28539 0.8018016815185547
28490 0.4589557647705078
28450 1.1339187622070312
28444 0.13709068298339844
28436 0.5948543548583984
28429 0.18095970153808594
28416 0.18906593322753906
28393 0.40984153747558594
28388 0.04792213439941406
28381 0.42891502380371094
28368 0.2129077911376953
28368 0.244140625
28340 0.8649826049804688
28340 1.0051727294921875
28340 1.0068416595458984
28340 0.3390312194824219
28340 0.2269744873046875
28302 0.26488304138183594
28302 0.3151893615722656
28302 0.1850128173828125
28302 0.06890296936035156
28302 0.27108192443847656
28279 0.3409385681152344
28276 0.31495094299316406
28249 0.7669925689697266
28249 0.5381107330322266
28249 0.5040168762207031
28249 1.1148452758789062
28249 1.1630058288574219
28223 0.6749629974365234
28198 0.22602081298828125
28198 0.1430511474609375
28186 0.37288665771484375
28178 0.7538795471191406
28178 0.37097930908203125
28169 1.561880111694336
28169 1.394033432006836
28169 0.11491775512695312
28169 0.45013427734375
28138 1.194000244140625
28107 0.408172607421875
28107 1.394033432006836
28087 1.1031627655029297
28087 0.5888938903808594
28087 0.25081634521484375
28087 0.7090568542480469
28080 0.5428791046142578
28068 1.3241767883300781
28068 0.6320476531982422
28068 0.2391338348388672
28068 0.44083595275878906
28068 0.7340908050537109
28068 1.4200210571289062
28068 1.1649131774902344
28060 0.7050037384033203
28060 0.38814544677734375
28045 0.06794929504394531
28045 0.7967948913574219
28036 0.34999847412109375
28036 0.6911754608154297
27992 0.16617774963378906
27992 0.6079673767089844
27991 0.39315223693847656
27991 1.5048980712890625
27991 0.5540847778320312
27990 0.4868507385253906
27982 0.3781318664550781
27961 0.12183189392089844
27959 0.3459453582763672
27959 0.45609474182128906
27959 0.7460117340087891
27959 0.24700164794921875
27959 0.7679462432861328
27935 0.4990100860595703
27914 0.3669261932373047
27908 0.6241798400878906
27908 0.16880035400390625
27908 0.5970001220703125
27908 0.4019737243652344
27908 1.5110969543457031
27908 1.5189647674560547
27908 0.45800209045410156
27908 1.0960102081298828
27906 1.9068717956542969
27906 2.192974090576172
27838 0.6000995635986328
27762 0.4119873046875
27762 0.8640289306640625
27726 1.207113265991211
27706 1.8839836120605469
27706 0.9069442749023438
27706 0.4928112030029297
27706 1.2269020080566406
27706 1.4159679412841797
27698 0.09799003601074219
27687 0.8099079132080078
27687 1.2509822845458984
27687 0.2009868621826172
27680 0.6051063537597656
27671 0.43702125549316406
27651 0.7498264312744141
27651 0.6809234619140625
27651 0.5881786346435547
27638 0.5238056182861328
27638 0.2532005310058594
27638 0.36406517028808594
27638 0.17595291137695312
27638 0.6189346313476562
27577 0.6260871887207031
27565 0.5819797515869141
27481 0.6268024444580078
27458 0.8251667022705078
27458 1.3129711151123047
27458 1.0409355163574219
27443 0.38814544677734375
27443 1.2559890747070312
27443 0.21982192993164062
27443 0.2760887145996094
27411 0.9069442749023438
27402 0.28204917907714844
27402 0.2810955047607422
27402 0.17905235290527344
27383 1.0449886322021484
27358 0.29397010803222656
27358 0.2338886260986328
27355 1.0280609130859375
27355 0.8459091186523438
27330 0.47206878662109375
27330 1.9688606262207031
27300 0.26416778564453125
27295 1.8908977508544922
27295 1.5511512756347656
27295 0.4820823669433594
27295 0.9391307830810547
27280 0.2129077911376953
27280 0.4208087921142578
27280 1.4848709106445312
27280 0.4627704620361328
27280 1.2669563293457031
27238 1.4002323150634766
27238 0.6921291351318359
27219 0.7879734039306641
27219 0.1430511474609375
27219 0.8609294891357422
