4175 6.247043609619141
4175 0.1289844512939453
4172 0.13303756713867188
4130 0.07700920104980469
4130 0.14901161193847656
4129 0.18596649169921875
4122 0.09107589721679688
4100 0.24318695068359375
4100 0.16808509826660156
4098 0.2338886260986328
4091 0.1499652862548828
4058 0.14591217041015625
4058 0.11396408081054688
3993 0.21910667419433594
3968 0.15783309936523438
3950 0.19407272338867188
3938 0.21004676818847656
3938 0.08296966552734375
3938 0.14090538024902344
3937 0.20194053649902344
3921 0.07510185241699219
3921 0.06079673767089844
3921 0.10704994201660156
3897 0.13589859008789062
3897 0.1609325408935547
3888 0.16689300537109375
3888 0.11301040649414062
3885 0.13303756713867188
3864 0.08296966552734375
3864 0.2129077911376953
3864 0.20694732666015625
3864 0.1850128173828125
3864 0.11491775512695312
3858 0.11515617370605469
3858 0.19407272338867188
3858 0.04100799560546875
3858 0.23794174194335938
3806 0.31113624572753906
3806 0.1461505889892578
3769 0.06508827209472656
3757 0.0629425048828125
3721 0.06079673767089844
3721 0.09799003601074219
3714 0.1819133758544922
3714 0.26702880859375
3714 0.080108642578125
3712 0.2288818359375
3712 0.1819133758544922
3712 0.12493133544921875
3704 0.27298927307128906
3704 0.11014938354492188
3704 0.041961669921875
3704 0.048160552978515625
3697 0.17714500427246094
3613 0.11706352233886719
3613 0.17499923706054688
3588 0.2460479736328125
3584 0.1289844512939453
3567 0.5588531494140625
3544 0.28395652770996094
3532 0.2639293670654297
3520 0.30803680419921875
3520 0.1289844512939453
3496 0.34499168395996094
3495 0.22101402282714844
3495 0.13589859008789062
3481 0.18906593322753906
3481 0.4000663757324219
3481 0.2639293670654297
3481 0.08893013000488281
3469 0.12493133544921875
3469 0.04291534423828125
3469 0.06198883056640625
3469 0.16498565673828125
3469 0.09489059448242188
3464 0.05793571472167969
3464 0.1621246337890625
3458 0.06008148193359375
3446 0.07700920104980469
3446 0.030040740966796875
3446 0.16999244689941406
3422 0.1068115234375
3405 0.17499923706054688
3403 0.14495849609375
3403 0.06198883056640625
3403 0.16999244689941406
3403 0.17595291137695312
3399 0.19812583923339844
3397 0.17499923706054688
3396 0.16498565673828125
3396 0.08797645568847656
3359 0.2231597900390625
3359 0.009059906005859375
3348 0.17786026000976562
3348 0.04291534423828125
3335 0.19693374633789062
3335 0.041961669921875
3335 0.17380714416503906
3335 0.12612342834472656
3323 0.08606910705566406
3323 0.04982948303222656
3323 0.03600120544433594
3323 0.1552104949951172
3323 0.15115737915039062
3323 0.049114227294921875
3282 0.14400482177734375
3273 0.07414817810058594
3273 0.049114227294921875
3262 0.18215179443359375
3262 0.1571178436279297
3262 0.17189979553222656
3262 0.0820159912109375
3262 0.07104873657226562
3259 0.1709461212158203
3259 0.07796287536621094
3257 0.14090538024902344
3257 0.2238750457763672
3257 0.13899803161621094
3241 0.09703636169433594
3241 0.03910064697265625
3241 0.17595291137695312
3241 0.03409385681152344
3241 0.09417533874511719
3221 0.06890296936035156
3221 0.1399517059326172
3221 0.21505355834960938
3221 0.37097930908203125
3218 0.09608268737792969
3215 0.10895729064941406
3205 0.17690658569335938
3189 0.19598007202148438
3184 0.03695487976074219
3184 0.08893013000488281
3184 0.08893013000488281
3184 0.030994415283203125
3184 0.08702278137207031
3184 0.15115737915039062
3184 0.11205673217773438
3184 0.1780986785888672
3169 0.15616416931152344
3169 0.07009506225585938
3169 0.21600723266601562
3169 0.06699562072753906
3169 0.1289844512939453
3169 0.09393692016601562
3169 0.03504753112792969
3169 0.102996826171875
3169 0.06794929504394531
3168 0.1418590545654297
3168 0.13303756713867188
3154 0.048160552978515625
3154 0.32711029052734375
3154 0.19884109497070312
3154 0.21600723266601562
3154 0.21982192993164062
3115 0.10991096496582031
3113 0.29206275939941406
3102 0.07009506225585938
3102 0.08893013000488281
3097 0.2219676971435547
3097 0.11491775512695312
3097 0.064849853515625
3033 0.13589859008789062
3033 0.1239776611328125
3033 0.049114227294921875
3033 0.0782012939453125
3020 0.011205673217773438
3020 0.11301040649414062
3020 0.28896331787109375
3018 0.09322166442871094
3009 0.28514862060546875
3009 0.080108642578125
3007 0.12183189392089844
3000 0.049114227294921875
3000 0.06008148193359375
3000 0.030994415283203125
3000 0.11801719665527344
3000 0.052928924560546875
3000 0.25200843811035156
3000 0.10919570922851562
3000 0.10704994201660156
2993 0.12493133544921875
2993 0.06508827209472656
2993 0.052928924560546875
2981 0.21409988403320312
2981 0.05888938903808594
2981 0.35691261291503906
2981 0.2448558807373047
2981 0.2970695495605469
2956 0.33402442932128906
2956 0.051021575927734375
2950 0.10800361633300781
2950 0.2651214599609375
2950 0.2129077911376953
2950 0.23698806762695312
2939 0.07390975952148438
2939 0.06914138793945312
2939 0.102996826171875
2921 0.2791881561279297
2921 0.0591278076171875
2921 0.38909912109375
2921 0.18906593322753906
2910 0.18596649169921875
2910 0.10704994201660156
2888 0.051975250244140625
2888 0.09298324584960938
2883 0.32401084899902344
2883 0.3490447998046875
2883 0.1518726348876953
2883 0.2598762512207031
2883 0.1659393310546875
2883 0.28705596923828125
2883 0.034809112548828125
2883 0.370025634765625
2880 0.24199485778808594
2880 0.09608268737792969
2880 0.2818107604980469
2880 0.10395050048828125
2874 0.06103515625
2874 0.29587745666503906
2874 0.06103515625
2874 0.08296966552734375
2874 0.06103515625
2874 0.12683868408203125
2874 0.11014938354492188
2865 0.10204315185546875
2865 0.08702278137207031
2865 0.3170967102050781
2846 0.1990795135498047
2846 0.39005279541015625
2815 0.42700767517089844
2810 0.3788471221923828
2810 0.22292137145996094
2810 0.09202957153320312
2810 0.07915496826171875
2810 0.10895729064941406
2810 0.09202957153320312
2810 0.030040740966796875
2810 0.10800361633300781
2810 0.23293495178222656
2810 0.007867813110351562
2809 0.3139972686767578
2809 0.20122528076171875
2809 0.20694732666015625
2809 0.08606910705566406
2809 0.14400482177734375
2809 0.049114227294921875
2809 0.1010894775390625
2805 0.16307830810546875
2805 0.20885467529296875
2805 0.17905235290527344
2805 0.2357959747314453
2805 0.2181529998779297
2805 0.1971721649169922
2801 0.26297569274902344
2801 0.052928924560546875
2801 0.1461505889892578
2801 0.20503997802734375
2778 0.13184547424316406
2778 0.0820159912109375
2762 0.1270771026611328
2762 0.23484230041503906
2762 0.09703636169433594
2762 0.24199485778808594
2762 0.2391338348388672
2762 0.08416175842285156
2762 0.05698204040527344
2743 0.08702278137207031
2743 0.20003318786621094
2743 0.064849853515625
2743 0.21195411682128906
2720 0.14090538024902344
2713 0.20694732666015625
2713 0.12993812561035156
2713 0.186920166015625
2711 0.19502639770507812
2700 0.052928924560546875
2700 0.11706352233886719
2700 0.21505355834960938
2681 0.1919269561767578
2681 0.07796287536621094
2678 0.23603439331054688
2678 0.06508827209472656
2678 0.17499923706054688
2676 0.1709461212158203
2676 0.1780986785888672
2676 0.20003318786621094
2676 0.19502639770507812
2676 0.15306472778320312
2676 0.1900196075439453
2676 0.04792213439941406
2676 0.028848648071289062
2676 0.22983551025390625
2676 0.17309188842773438
2676 0.06890296936035156
2676 0.05817413330078125
2671 0.14400482177734375
2651 0.23698806762695312
2651 0.21386146545410156
2651 0.1399517059326172
2651 0.15091896057128906
2651 0.050067901611328125
2651 0.09894371032714844
2651 0.2269744873046875
2643 0.11992454528808594
2628 0.12183189392089844
2628 0.04291534423828125
2628 0.19097328186035156
2628 0.11396408081054688
2628 0.17499923706054688
2626 0.13208389282226562
2585 0.22792816162109375
2585 0.25200843811035156
2574 0.21505355834960938
2574 0.15401840209960938
2553 0.1277923583984375
2553 0.06699562072753906
2511 0.21600723266601562
2511 0.05316734313964844
2511 0.08296966552734375
2511 0.09989738464355469
2505 0.1621246337890625
2491 0.05698204040527344
2491 0.03695487976074219
2491 0.1900196075439453
2474 0.17309188842773438
2474 0.19407272338867188
2474 0.21386146545410156
2474 0.18405914306640625
2456 0.24509429931640625
2456 0.27489662170410156
2456 0.12302398681640625
2456 0.21004676818847656
2456 0.03409385681152344
2456 0.11205673217773438
2456 0.1289844512939453
2456 0.28014183044433594
2456 0.05793571472167969
2456 0.33593177795410156
2456 0.4057884216308594
2456 0.080108642578125
2456 0.1900196075439453
2456 0.4200935363769531
2456 0.1239776611328125
2456 0.2911090850830078
2456 0.12111663818359375
2445 0.064849853515625
2445 0.17499923706054688
2445 0.37097930908203125
2445 0.21719932556152344
2428 0.08106231689453125
2420 0.07700920104980469
2409 0.22983551025390625
2409 0.23603439331054688
2404 0.1971721649169922
2401 0.13494491577148438
2401 0.26798248291015625
2401 0.0591278076171875
2398 0.2529621124267578
2398 0.1671314239501953
2398 0.24890899658203125
2398 0.21910667419433594
2398 0.19097328186035156
2383 0.10585784912109375
2381 0.10395050048828125
2381 0.05888938903808594
2381 0.07796287536621094
2378 0.07009506225585938
2378 0.07605552673339844
2378 0.29206275939941406
2378 0.25582313537597656
2373 0.1480579376220703
2373 0.28395652770996094
2373 0.18596649169921875
2373 0.08702278137207031
2373 0.06699562072753906
2373 0.09489059448242188
2373 0.07700920104980469
2373 0.12803077697753906
2373 0.20003318786621094
2373 0.16617774963378906
2370 0.20003318786621094
2358 0.2257823944091797
2358 0.07200241088867188
2351 0.15497207641601562
2337 0.2720355987548828
2317 0.2651214599609375
2313 0.10704994201660156
2313 0.13589859008789062
2313 0.2961158752441406
2313 0.24390220642089844
2304 0.32210350036621094
2304 0.11396408081054688
2304 0.10800361633300781
2304 0.09107589721679688
2304 0.21386146545410156
2300 0.19979476928710938
2300 0.10895729064941406
2300 0.1838207244873047
2300 0.11277198791503906
2300 0.2751350402832031
2300 0.13589859008789062
2300 0.1811981201171875
2300 0.30994415283203125
2300 0.2899169921875
2300 0.07700920104980469
2251 0.2560615539550781
2246 0.04982948303222656
2246 0.04506111145019531
2246 0.12993812561035156
2241 0.041961669921875
2234 0.2429485321044922
2234 0.06890296936035156
2231 0.21600723266601562
2224 0.26607513427734375
2224 0.1270771026611328
2224 0.102996826171875
2223 0.2868175506591797
2223 0.07104873657226562
2223 0.5180835723876953
2223 0.1819133758544922
2223 0.102996826171875
2223 0.1728534698486328
2223 0.1971721649169922
2213 0.20384788513183594
2213 0.15211105346679688
2213 0.2498626708984375
2213 0.27298927307128906
2213 0.30612945556640625
2213 0.09799003601074219
2213 0.05507469177246094
2213 0.08296966552734375
2213 0.28204917907714844
2213 0.2048015594482422
2208 0.03814697265625
2208 0.08511543273925781
2199 0.13399124145507812
2199 0.080108642578125
2199 0.10204315185546875
2199 0.11706352233886719
2199 0.11014938354492188
2199 0.28514862060546875
2199 0.07104873657226562
2199 0.22292137145996094
2199 0.14400482177734375
2199 0.19693374633789062
2187 0.15997886657714844
2147 0.0782012939453125
2136 0.09107589721679688
2136 0.05698204040527344
2136 0.16808509826660156
2136 0.15616416931152344
2136 0.2410411834716797
2136 0.15091896057128906
2136 0.09107589721679688
2136 0.11396408081054688
2136 0.07200241088867188
2124 0.10395050048828125
2124 0.25200843811035156
2112 0.051021575927734375
2098 0.23889541625976562
2098 0.11301040649414062
2098 0.06508827209472656
2091 0.15401840209960938
2091 0.14090538024902344
2091 0.1938343048095703
2083 0.11897087097167969
2083 0.1418590545654297
2074 0.08296966552734375
2071 0.08606910705566406
2071 0.18215179443359375
2071 0.202178955078125
2071 0.05507469177246094
2069 0.06604194641113281
2069 0.225067138671875
2069 0.23984909057617188
2069 0.17595291137695312
2069 0.1590251922607422
2069 0.07390975952148438
2069 0.08702278137207031
2059 0.24890899658203125
2059 0.22411346435546875
2059 0.06985664367675781
2059 0.027894973754882812
2059 0.10895729064941406
2059 0.2579689025878906
2059 0.2300739288330078
2041 0.23293495178222656
2041 0.13399124145507812
2035 0.2110004425048828
2035 0.09512901306152344
2035 0.080108642578125
2035 0.2658367156982422
2035 0.14710426330566406
2035 0.05316734313964844
2035 0.2181529998779297
2035 0.06604194641113281
2035 0.2410411834716797
2035 0.07295608520507812
2035 0.11801719665527344
2035 0.07700920104980469
2035 0.14591217041015625
2035 0.1709461212158203
2035 0.2288818359375
2035 0.2949237823486328
2035 0.09989738464355469
1989 0.17499923706054688
1989 0.0438690185546875
1989 0.06103515625
1989 0.2598762512207031
1989 0.0069141387939453125
1978 0.17189979553222656
1978 0.20503997802734375
1978 0.05793571472167969
1976 0.09608268737792969
1969 0.2532005310058594
1969 0.09512901306152344
1969 0.15997886657714844
1969 0.06198883056640625
1969 0.08296966552734375
1969 0.26106834411621094
1969 0.04291534423828125
1969 0.0591278076171875
1969 0.15783309936523438
1969 0.1049041748046875
1969 0.1659393310546875
1969 0.5939006805419922
1969 0.2911090850830078
1969 0.20813941955566406
1961 0.21386146545410156
1961 0.4470348358154297
1954 0.13709068298339844
1954 0.34689903259277344
1954 0.37407875061035156
1954 0.35500526428222656
1954 0.40912628173828125
1954 0.2608299255371094
1944 0.14400482177734375
1944 0.3829002380371094
1944 0.07009506225585938
1935 0.06794929504394531
1935 0.24509429931640625
1935 0.03695487976074219
1922 0.24199485778808594
1922 0.14209747314453125
1918 0.2219676971435547
1918 0.10895729064941406
1918 0.1690387725830078
1918 0.3180503845214844
1915 0.22292137145996094
1915 0.2620220184326172
1915 0.2741813659667969
1913 0.18095970153808594
1894 0.23698806762695312
1894 0.1201629638671875
1884 0.17380714416503906
1884 0.0782012939453125
1884 0.23317337036132812
1879 0.35500526428222656
1879 0.09799003601074219
1879 0.1239776611328125
1879 0.21505355834960938
1879 0.1239776611328125
1879 0.3349781036376953
1879 0.24080276489257812
1879 0.3249645233154297
1879 0.18906593322753906
1879 0.09894371032714844
1879 0.051975250244140625
1879 0.1881122589111328
1879 0.21600723266601562
1879 0.1049041748046875
1879 0.6091594696044922
1879 0.14495849609375
1879 0.5440711975097656
1877 0.07605552673339844
1877 0.031948089599609375
1877 0.04410743713378906
1873 0.1518726348876953
1870 0.05698204040527344
1868 0.3209114074707031
1868 0.10013580322265625
1868 0.2009868621826172
1847 0.28514862060546875
1847 0.03695487976074219
1836 0.23293495178222656
1836 0.09799003601074219
1836 0.05316734313964844
1836 0.08296966552734375
1836 0.2880096435546875
1836 0.27298927307128906
1836 0.1850128173828125
1834 0.1499652862548828
1834 0.1900196075439453
1832 0.1919269561767578
1822 0.125885009765625
1822 0.0820159912109375
1822 0.25391578674316406
1822 0.09012222290039062
1818 0.09083747863769531
1818 0.16999244689941406
1818 0.3159046173095703
1818 0.33283233642578125
1814 0.08893013000488281
1813 0.20194053649902344
1813 0.12803077697753906
1813 0.11181831359863281
1807 0.2429485321044922
1807 0.21314620971679688
1793 0.06794929504394531
1780 0.2899169921875
1780 0.07295608520507812
1780 0.24199485778808594
1767 0.21696090698242188
1767 0.26297569274902344
1767 0.15687942504882812
1767 0.2999305725097656
1765 0.08797645568847656
1765 0.25010108947753906
1762 0.10609626770019531
1762 0.31185150146484375
1762 0.28204917907714844
1762 0.14495849609375
1757 0.28014183044433594
1757 0.06699562072753906
1757 0.07009506225585938
1747 0.27489662170410156
1747 0.28705596923828125
1747 0.19502639770507812
1740 0.2601146697998047
1740 0.08320808410644531
1735 0.16498565673828125
1735 0.07510185241699219
1735 0.2841949462890625
1735 0.2818107604980469
1735 0.2319812774658203
1735 0.030994415283203125
1728 0.06103515625
1728 0.06198883056640625
1728 0.009059906005859375
1728 0.2560615539550781
1728 0.23698806762695312
1728 0.03790855407714844
1722 0.09107589721679688
1722 0.07009506225585938
1722 0.1049041748046875
1709 0.25582313537597656
1709 0.28705596923828125
1706 0.20313262939453125
1706 0.4928112030029297
1706 0.11801719665527344
1705 0.09489059448242188
1705 0.054836273193359375
1705 0.10395050048828125
1705 0.18095970153808594
1705 0.1270771026611328
1705 0.008821487426757812
1704 0.08797645568847656
1698 0.2429485321044922
1698 0.05888938903808594
1698 0.19812583923339844
1692 0.2009868621826172
1692 0.1690387725830078
1692 0.11110305786132812
1692 0.1850128173828125
1692 0.27489662170410156
1692 0.27298927307128906
1692 0.102996826171875
1692 0.11491775512695312
1692 0.2219676971435547
1692 0.12493133544921875
1692 0.04410743713378906
1686 0.06508827209472656
1682 0.05602836608886719
1682 0.05602836608886719
1682 0.25391578674316406
1682 0.24008750915527344
1679 0.19097328186035156
1679 0.29397010803222656
1673 0.2930164337158203
1673 0.08702278137207031
1673 0.2720355987548828
1673 0.3619194030761719
1673 0.17404556274414062
1660 0.2269744873046875
1645 0.09512901306152344
1645 0.04982948303222656
1645 0.09107589721679688
1643 0.08511543273925781
1633 0.11301040649414062
1633 0.2968311309814453
1633 0.347137451171875
1633 0.4038810729980469
1633 0.34499168395996094
1633 0.20384788513183594
1629 0.13899803161621094
1629 0.22101402282714844
1627 0.1010894775390625
1616 0.09393692016601562
1616 0.16689300537109375
1616 0.12993812561035156
1616 0.05793571472167969
1616 0.0820159912109375
1616 0.09894371032714844
1610 0.2009868621826172
1610 0.22101402282714844
1610 0.09512901306152344
1610 0.06198883056640625
1610 0.16498565673828125
1598 0.28395652770996094
1598 0.11706352233886719
1598 0.09584426879882812
1598 0.13899803161621094
1598 0.03504753112792969
1598 0.08511543273925781
1598 0.164031982421875
1598 0.17404556274414062
1598 0.10895729064941406
1598 0.16999244689941406
1598 0.1800060272216797
1597 0.07915496826171875
1577 0.1862049102783203
1577 0.24700164794921875
1577 0.19812583923339844
1577 0.2009868621826172
1577 0.19311904907226562
1577 0.10609626770019531
1577 0.10895729064941406
1577 0.1621246337890625
1577 0.15807151794433594
1574 0.1819133758544922
1570 0.10585784912109375
1570 0.1709461212158203
1570 0.11682510375976562
1570 0.14495849609375
1570 0.08106231689453125
1570 0.09107589721679688
1570 0.04291534423828125
1565 0.11014938354492188
1565 0.07081031799316406
1565 0.17213821411132812
1565 0.2181529998779297
1565 0.18906593322753906
1565 0.09322166442871094
1562 0.2319812774658203
1562 0.04506111145019531
1562 0.07510185241699219
1562 0.09083747863769531
1562 0.027894973754882812
1556 0.21004676818847656
1556 0.1990795135498047
1556 0.11086463928222656
1556 0.11396408081054688
1556 0.17118453979492188
1556 0.08606910705566406
1556 0.3459453582763672
1556 0.3139972686767578
1553 0.1461505889892578
1553 0.09489059448242188
1553 0.5319118499755859
1546 0.2589225769042969
1546 0.10800361633300781
1546 0.05793571472167969
1546 0.1609325408935547
1546 0.2689361572265625
1546 0.3800392150878906
1546 0.3631114959716797
1546 0.4220008850097656
1544 0.1881122589111328
1544 0.148773193359375
1544 0.14400482177734375
1544 0.15807151794433594
1544 0.07796287536621094
1544 0.16498565673828125
1544 0.16999244689941406
1544 0.010013580322265625
1544 0.08106231689453125
1544 0.3199577331542969
1544 0.30803680419921875
1544 0.13113021850585938
1544 0.1380443572998047
1544 0.1571178436279297
1544 0.3509521484375
1544 0.07796287536621094
1544 0.26416778564453125
1544 0.22983551025390625
1544 0.1461505889892578
1541 0.3180503845214844
1541 0.21600723266601562
1541 0.2930164337158203
1541 0.03600120544433594
1541 0.04291534423828125
1541 0.11301040649414062
1541 0.1239776611328125
1541 0.2892017364501953
1541 0.09012222290039062
1541 0.19097328186035156
1538 0.06103515625
1538 0.1659393310546875
1538 0.041961669921875
1538 0.3228187561035156
1538 0.0858306884765625
1534 0.17213821411132812
1534 0.1518726348876953
1534 0.23102760314941406
1534 0.15211105346679688
1534 0.2789497375488281
1534 0.07104873657226562
1534 0.09393692016601562
1534 0.12803077697753906
1534 0.28705596923828125
1534 0.10204315185546875
1534 0.05412101745605469
1534 0.05793571472167969
1534 0.1628398895263672
1534 0.054836273193359375
1534 0.04601478576660156
1534 0.09202957153320312
1534 0.25391578674316406
1534 0.2751350402832031
1534 0.3020763397216797
1529 0.1800060272216797
1529 0.21195411682128906
1529 0.1709461212158203
1529 0.13494491577148438
1494 0.3020763397216797
1494 0.32591819763183594
1494 0.11610984802246094
1494 0.44798851013183594
1494 0.5340576171875
1494 0.45490264892578125
1494 0.3879070281982422
1483 0.22411346435546875
1483 0.202178955078125
1483 0.4429817199707031
1483 0.141143798828125
1483 0.21505355834960938
1483 0.09918212890625
1483 0.23984909057617188
1478 0.1480579376220703
1470 0.3218650817871094
1467 0.18095970153808594
1467 0.3199577331542969
1462 0.08511543273925781
1462 0.11301040649414062
1462 0.08392333984375
1462 0.26607513427734375
1462 0.06890296936035156
1462 0.09107589721679688
1462 0.03504753112792969
1462 0.3199577331542969
1462 0.3170967102050781
1462 0.14090538024902344
1456 0.31113624572753906
1456 0.23293495178222656
1456 0.08702278137207031
1452 0.25010108947753906
1452 0.11587142944335938
1452 0.3750324249267578
1452 0.09202957153320312
1452 0.11897087097167969
1452 0.08988380432128906
1452 0.13303756713867188
1452 0.23102760314941406
1452 0.247955322265625
1452 0.1728534698486328
1452 0.26416778564453125
1452 0.05793571472167969
1452 0.25582313537597656
1452 0.07414817810058594
1452 0.3409385681152344
1452 0.39196014404296875
1452 0.09679794311523438
1452 0.13208389282226562
1452 0.09989738464355469
1443 0.2579689025878906
1443 0.05602836608886719
1443 0.054836273193359375
1441 0.051021575927734375
1437 0.20885467529296875
1437 0.2720355987548828
1429 0.2999305725097656
1429 0.2300739288330078
1429 0.11491775512695312
1429 0.06008148193359375
1429 0.13303756713867188
1421 0.2880096435546875
1421 0.2560615539550781
1421 0.06604194641113281
1421 0.10418891906738281
1421 0.26702880859375
1421 0.308990478515625
1421 0.20194053649902344
1421 0.23698806762695312
1421 0.2319812774658203
1421 0.19812583923339844
1421 0.2048015594482422
1421 0.1399517059326172
1421 0.1571178436279297
1421 0.20813941955566406
1421 0.2779960632324219
1421 0.1239776611328125
1421 0.2110004425048828
1421 0.07700920104980469
1421 0.1881122589111328
1421 0.10991096496582031
1421 0.23794174194335938
1421 0.2319812774658203
1421 0.23984909057617188
1421 0.11992454528808594
1421 0.06699562072753906
1421 0.09107589721679688
1421 0.11801719665527344
1421 0.1499652862548828
1420 0.15306472778320312
1416 0.2968311309814453
1416 0.14400482177734375
1416 0.17189979553222656
1416 0.22292137145996094
1416 0.06198883056640625
1416 0.17380714416503906
1416 0.30303001403808594
1416 0.2989768981933594
1416 0.2770423889160156
1416 0.15401840209960938
1416 0.07605552673339844
1416 0.22912025451660156
1416 0.19097328186035156
1416 0.08392333984375
1414 0.21600723266601562
1413 0.13899803161621094
1413 0.22482872009277344
1413 0.11801719665527344
1413 0.2338886260986328
1413 0.04601478576660156
1413 0.2079010009765625
1413 0.21696090698242188
1413 0.2970695495605469
1413 0.12493133544921875
1413 0.1518726348876953
1413 0.23412704467773438
1413 0.3478527069091797
1413 0.4811286926269531
1413 0.13685226440429688
1386 0.09703636169433594
1386 0.11897087097167969
1386 0.13494491577148438
1386 0.06103515625
1386 0.07414817810058594
1386 0.24700164794921875
1377 0.20503997802734375
1377 0.028848648071289062
1377 0.05888938903808594
1377 0.06890296936035156
1377 0.11897087097167969
1377 0.2410411834716797
1377 0.10395050048828125
1377 0.06794929504394531
1353 0.2429485321044922
1353 0.244140625
1353 0.07891654968261719
1353 0.2110004425048828
1353 0.10895729064941406
1353 0.06008148193359375
1353 0.2460479736328125
1353 0.2009868621826172
1352 0.07915496826171875
1352 0.03409385681152344
1352 0.2589225769042969
1352 0.07200241088867188
1352 0.1690387725830078
1352 0.15497207641601562
1352 0.21600723266601562
1351 0.2810955047607422
1351 0.03504753112792969
1351 0.08082389831542969
1351 0.03409385681152344
1351 0.05221366882324219
1351 0.2200603485107422
1351 0.1518726348876953
1347 0.11801719665527344
1347 0.2181529998779297
1343 0.0858306884765625
1343 0.21600723266601562
1327 0.26607513427734375
1327 0.3287792205810547
1327 0.16999244689941406
1327 0.1900196075439453
1327 0.04887580871582031
1327 0.33402442932128906
1327 0.1628398895263672
1327 0.14591217041015625
1327 0.16999244689941406
1327 0.102996826171875
1327 0.3218650817871094
1327 0.21696090698242188
1327 0.17404556274414062
1327 0.09989738464355469
1327 0.16689300537109375
1327 0.1461505889892578
1327 0.15211105346679688
