595477 6116.50013923645
595477 1.7688274383544922
595477 34.78503227233887
595475 5.727052688598633
595475 16.597986221313477
595473 29.41608428955078
595471 19.114971160888672
595429 8.241891860961914
595429 10.436058044433594
595397 23.005008697509766
595391 1.4472007751464844
595388 28.291940689086914
595381 8.664131164550781
595381 7.688999176025391
595378 2.6960372924804688
595375 22.722959518432617
595375 8.067846298217773
595375 1.8529891967773438
595372 0.9281635284423828
595356 33.33902359008789
595356 5.226850509643555
595309 0.1499652862548828
595309 31.30483627319336
595282 37.262916564941406
595282 9.17506217956543
595236 2.705097198486328
595230 19.46401596069336
595230 9.623050689697266
595212 9.87100601196289
595212 1.811981201171875
595212 8.11910629272461
595211 3.2219886779785156
595208 6.260871887207031
595205 13.498067855834961
595205 3.487825393676758
595181 8.328914642333984
595162 3.2808780670166016
595155 6.259918212890625
595155 2.6891231536865234
595130 34.29007530212402
595087 1.2450218200683594
595054 2.657175064086914
595054 30.17592430114746
594981 22.51601219177246
594981 4.261970520019531
594955 1.0800361633300781
594946 37.17994689941406
594941 35.48789024353027
594852 20.940065383911133
594852 0.7140636444091797
594835 6.712913513183594
594771 37.8420352935791
594771 0.1480579376220703
594759 39.90817070007324
594719 23.00405502319336
594718 31.541824340820312
594713 6.730079650878906
594693 37.99104690551758
594669 25.876998901367188
594669 1.4808177947998047
594667 2.3589134216308594
594642 4.64320182800293
594642 0.9748935699462891
594632 1.528024673461914
594632 41.92709922790527
594554 6.646871566772461
594553 2.6178359985351562
594553 1.5099048614501953
594553 3.473043441772461
594553 11.159181594848633
594553 1.0619163513183594
594553 35.85505485534668
594552 11.056900024414062
594552 4.1599273681640625
594546 0.6451606750488281
594546 16.896963119506836
594484 31.909942626953125
594484 20.678997039794922
594484 6.8378448486328125
594484 7.835865020751953
594423 26.81112289428711
594423 9.404897689819336
594396 21.32105827331543
594396 6.407022476196289
594396 30.490875244140625
594346 14.599084854125977
594318 1.5020370483398438
594318 7.068872451782227
594318 1.0159015655517578
594277 1.260995864868164
594252 7.122039794921875
594252 32.88102149963379
594252 29.559850692749023
594252 24.98602867126465
594231 3.762960433959961
594196 7.631063461303711
594196 10.123968124389648
594168 21.585941314697266
594167 14.77813720703125
594132 13.78011703491211
594132 19.420146942138672
594118 8.352994918823242
594053 3.139019012451172
594046 20.547866821289062
594046 2.629995346069336
594036 16.084909439086914
594034 20.002126693725586
594024 1.8608570098876953
594024 18.29695701599121
594024 21.74210548400879
594010 7.4291229248046875
593971 5.052089691162109
593971 22.447824478149414
593946 0.20003318786621094
593927 14.516115188598633
593927 1.4338493347167969
593915 18.426895141601562
593913 3.8068294525146484
593884 29.912948608398438
593884 2.341032028198242
593884 8.155107498168945
593884 5.053043365478516
593884 12.346982955932617
593869 8.865118026733398
593858 2.5680065155029297
593858 40.17496109008789
593815 8.774042129516602
593815 12.62807846069336
593808 4.100799560546875
593796 36.051034927368164
593753 5.383014678955078
593705 1.547098159790039
593665 16.956090927124023
593653 4.010200500488281
593653 2.5110244750976562
593596 0.6718635559082031
593596 0.2789497375488281
593585 25.229930877685547
593585 39.131879806518555
593559 3.7550926208496094
593545 21.604061126708984
593545 8.440017700195312
593545 35.531044006347656
593512 8.37397575378418
593512 0.7021427154541016
593506 35.501956939697266
593506 24.673938751220703
593506 19.192218780517578
593493 5.283117294311523
593492 29.829025268554688
593492 4.068136215209961
593439 0.5249977111816406
593404 9.966850280761719
593388 12.621879577636719
593388 1.2159347534179688
593388 25.09784698486328
593388 16.18814468383789
593360 7.403850555419922
593323 3.2160282135009766
593277 4.790067672729492
593260 7.252931594848633
593233 25.744199752807617
593233 34.08098220825195
593233 8.138179779052734
593233 8.674144744873047
593233 5.707025527954102
593193 6.591081619262695
593147 1.322031021118164
593136 33.660888671875
593125 29.237985610961914
593125 6.33692741394043
593114 14.695882797241211
593108 6.151914596557617
593099 32.974958419799805
593071 6.637096405029297
593071 4.8980712890625
593071 26.22699737548828
593026 5.167961120605469
593013 36.216020584106445
593011 4.069089889526367
592997 4.474163055419922
592997 28.879880905151367
592997 4.092931747436523
592997 31.56304359436035
592984 3.165006637573242
592984 29.877901077270508
592984 10.075092315673828
592984 2.407073974609375
592976 4.150152206420898
592968 5.261898040771484
592951 7.2650909423828125
592942 5.935907363891602
592932 32.911062240600586
592874 1.5058517456054688
592874 28.350830078125
592874 29.70290184020996
592856 4.611968994140625
592810 8.562088012695312
592773 8.954048156738281
592746 4.09698486328125
592746 5.045175552368164
592746 30.511140823364258
592720 13.748884201049805
592698 1.7919540405273438
592698 10.360002517700195
592660 7.893085479736328
592651 0.5650520324707031
592651 10.333061218261719
592606 11.527061462402344
592606 0.2288818359375
592606 6.9580078125
592603 2.534151077270508
592603 32.84502029418945
592603 2.9671192169189453
592558 0.8771419525146484
592558 13.362884521484375
592527 21.113157272338867
592521 0.20313262939453125
592504 19.381046295166016
592504 2.6650428771972656
592495 25.5889892578125
592460 25.889158248901367
592439 10.119915008544922
592388 4.570960998535156
592334 1.8901824951171875
592334 6.686925888061523
592334 38.04206848144531
592334 10.202884674072266
592322 13.00191879272461
592322 6.915807723999023
592322 17.589092254638672
592322 6.83283805847168
592322 9.852886199951172
592288 20.451068878173828
592241 3.217935562133789
592241 4.709005355834961
592176 16.89314842224121
592176 28.497934341430664
592176 2.8061866760253906
592147 1.7850399017333984
592147 3.7190914154052734
592086 7.153034210205078
592058 22.11785316467285
592058 22.676944732666016
592058 15.311956405639648
592006 30.37095069885254
591958 32.061100006103516
591947 4.296064376831055
591930 5.951166152954102
591914 4.160881042480469
591914 23.03004264831543
591894 5.759954452514648
591852 23.857831954956055
591852 0.8771419525146484
591848 3.2999515533447266
591792 1.199960708618164
591792 1.5859603881835938
591768 7.541894912719727
591746 7.234096527099609
591746 16.93892478942871
591735 5.92494010925293
591724 10.959148406982422
591724 0.7030963897705078
591724 0.7281303405761719
591708 27.055978775024414
591695 28.82099151611328
591695 16.055822372436523
591666 2.2859573364257812
591659 15.60211181640625
591659 15.151023864746094
591659 7.489919662475586
591659 30.282974243164062
591650 0.4138946533203125
591595 11.319160461425781
591595 19.17409896850586
591576 23.427963256835938
591558 0.7069110870361328
591533 0.6518363952636719
591533 10.272026062011719
591514 5.373954772949219
591514 6.09588623046875
591514 3.3578872680664062
591514 31.816959381103516
591514 9.097099304199219
591514 9.320974349975586
591514 4.228115081787109
591465 34.577131271362305
591457 3.8537979125976562
591457 32.75299072265625
591442 3.695964813232422
591387 15.24806022644043
591311 7.021903991699219
591311 16.002893447875977
591311 5.187034606933594
591310 2.591848373413086
591310 0.6368160247802734
591310 20.711183547973633
591310 30.763864517211914
591290 16.60299301147461
591290 32.36198425292969
591288 19.59395408630371
591284 8.270978927612305
591284 35.22205352783203
591277 3.7271976470947266
591277 0.1850128173828125
591277 7.119894027709961
591277 7.964849472045898
591275 20.7059383392334
591275 16.932964324951172
591275 3.242015838623047
591275 23.600101470947266
591247 30.665874481201172
591247 0.9760856628417969
591179 4.851102828979492
591169 4.435062408447266
591169 28.17702293395996
591151 18.49508285522461
591089 18.712997436523438
591003 10.663032531738281
591003 8.27479362487793
591003 0.17690658569335938
590992 4.5070648193359375
590974 6.618976593017578
590921 20.101070404052734
590911 2.3050308227539062
590911 20.23792266845703
590911 4.166841506958008
590898 3.5190582275390625
590898 4.257917404174805
590898 22.0029354095459
590847 1.8389225006103516
590847 3.7260055541992188
590788 30.71904182434082
590788 25.465011596679688
590779 0.2911090850830078
590754 17.596006393432617
590754 0.16808509826660156
590754 4.905939102172852
590734 12.190818786621094
590734 3.487110137939453
590706 0.20813941955566406
590706 14.348983764648438
590706 3.116130828857422
590706 1.8239021301269531
590700 7.702827453613281
590700 6.80088996887207
590684 4.052877426147461
590680 2.009153366088867
590680 10.07699966430664
590679 0.408172607421875
590679 20.444869995117188
590632 0.3719329833984375
590600 19.95086669921875
590590 35.41898727416992
590577 34.07001495361328
590572 0.3848075866699219
590572 23.31709861755371
590572 4.817962646484375
590534 5.774974822998047
590522 9.292840957641602
590522 2.460002899169922
590522 17.101049423217773
590514 6.118059158325195
590514 3.1621456146240234
590468 24.7647762298584
590451 25.339126586914062
590451 4.112005233764648
590451 8.321046829223633
590419 14.723062515258789
590397 31.733989715576172
590387 32.35602378845215
590331 3.215789794921875
590290 28.01990509033203
590290 1.834869384765625
590290 32.78493881225586
590290 11.010885238647461
590290 22.231101989746094
590290 18.94211769104004
590290 2.710103988647461
590290 6.119966506958008
590290 21.14415168762207
590290 7.313013076782227
590271 17.101049423217773
590271 36.13591194152832
590255 1.8079280853271484
590173 21.59285545349121
590160 33.42795372009277
590149 1.035928726196289
590134 31.341075897216797
590120 5.054950714111328
590120 29.338836669921875
590120 1.6579627990722656
590115 0.9000301361083984
590115 20.025968551635742
590115 9.975910186767578
590115 2.274036407470703
590105 5.771875381469727
590082 21.52395248413086
590082 1.3399124145507812
590082 6.4411163330078125
590082 27.7099609375
590053 24.413108825683594
590022 7.524013519287109
589966 3.370046615600586
589966 11.384010314941406
589932 0.19693374633789062
589929 21.7440128326416
589907 12.334823608398438
589907 28.50198745727539
589906 5.089998245239258
589906 5.6209564208984375
589857 18.11504364013672
589833 12.687921524047852
589833 22.49002456665039
589745 6.289958953857422
589733 1.0859966278076172
589729 31.87108039855957
589695 14.20903205871582
589689 17.24696159362793
589689 1.8701553344726562
589689 6.715059280395508
589689 0.3209114074707031
589689 1.5060901641845703
589689 14.246940612792969
589684 0.8170604705810547
589684 24.98912811279297
589666 3.0031204223632812
589666 0.43082237243652344
589660 4.498004913330078
589660 8.504152297973633
589660 1.867055892944336
589660 5.009889602661133
589660 9.093046188354492
589618 25.985002517700195
589618 8.085966110229492
589601 18.594980239868164
589568 22.170066833496094
589568 3.226041793823242
589545 2.2449493408203125
589477 0.5090236663818359
589477 6.016016006469727
589429 4.21595573425293
589429 24.11508560180664
589429 5.741119384765625
589406 9.98687744140625
589406 27.40311622619629
589406 2.6879310607910156
589338 35.76183319091797
589338 6.170034408569336
589335 25.82097053527832
589322 7.367849349975586
589322 4.916906356811523
589322 6.727933883666992
589256 3.5810470581054688
589247 3.7529468536376953
589226 22.56298065185547
589226 33.9360237121582
589226 37.14299201965332
589188 19.418001174926758
589187 18.99099349975586
589179 6.9789886474609375
589166 1.89208984375
589160 13.959169387817383
589160 2.187967300415039
589143 3.108978271484375
589143 18.536806106567383
589136 38.59090805053711
589122 8.616924285888672
589107 6.254911422729492
589068 7.558107376098633
589062 10.528087615966797
589062 39.29281234741211
589059 31.816959381103516
589059 4.456996917724609
589051 16.626834869384766
589051 20.53093910217285
589032 22.82404899597168
589032 26.234865188598633
588965 26.450157165527344
588965 0.7481575012207031
588957 8.797168731689453
588921 31.265974044799805
588912 23.33998680114746
588912 1.3170242309570312
588880 8.692026138305664
588799 29.14905548095703
588799 19.74797248840332
588755 22.56298065185547
588750 8.800983428955078
588739 1.9850730895996094
588737 20.607948303222656
588737 38.0098819732666
588706 14.59813117980957
588706 3.077983856201172
588706 25.355100631713867
588674 4.274129867553711
588674 8.851051330566406
588618 9.212970733642578
588618 17.927169799804688
588618 2.2399425506591797
588618 8.419990539550781
588618 37.1098518371582
588618 36.9260311126709
588618 13.319969177246094
588605 26.623010635375977
588605 31.0819149017334
588605 2.9239654541015625
588596 6.8511962890625
588596 13.084888458251953
588562 11.434078216552734
588562 30.323028564453125
588562 14.541149139404297
588562 5.746126174926758
588559 27.70400047302246
588559 6.473064422607422
588559 20.64800262451172
588533 2.5298595428466797
588533 5.966901779174805
588533 3.6809444427490234
588525 20.567893981933594
588521 11.990070343017578
588520 7.098913192749023
588511 19.14811134338379
588511 3.0269622802734375
588477 32.646894454956055
588477 7.554054260253906
588477 15.393972396850586
588477 6.585121154785156
588464 11.55710220336914
588447 14.05191421508789
588423 3.6439895629882812
588423 2.192974090576172
588417 1.1739730834960938
588417 28.560161590576172
588417 1.8451213836669922
588386 3.5228729248046875
588386 8.917093276977539
588351 34.45315361022949
588351 2.3651123046875
588316 28.203964233398438
588298 14.18304443359375
588255 9.747028350830078
588255 7.847070693969727
588253 18.761873245239258
588253 18.964052200317383
588253 29.19602394104004
588253 9.825944900512695
588251 6.9980621337890625
588213 2.418994903564453
588193 3.1280517578125
588177 0.05602836608886719
588177 19.973039627075195
588177 15.343904495239258
588123 24.61981773376465
588112 12.529134750366211
588101 42.122840881347656
588101 16.659021377563477
588101 22.933006286621094
588101 9.60993766784668
588101 3.2529830932617188
588101 21.168947219848633
588101 8.527040481567383
588090 31.636953353881836
588090 10.436058044433594
588061 4.300117492675781
588045 17.24696159362793
588045 0.4591941833496094
588038 41.05210304260254
588038 6.240129470825195
588020 2.162933349609375
588006 24.729013442993164
588006 12.773990631103516
587999 3.8080215454101562
587990 2.2110939025878906
587966 24.655818939208984
587966 6.295204162597656
587966 5.66411018371582
587939 20.751953125
587939 10.039091110229492
587939 31.82196617126465
587939 3.15093994140625
587930 7.328987121582031
587930 32.829999923706055
587930 2.9129981994628906
587930 8.24594497680664
587930 5.071163177490234
587930 16.525983810424805
587929 9.73200798034668
587929 27.730941772460938
587929 1.7299652099609375
587906 3.651857376098633
587893 2.5701522827148438
587893 3.68499755859375
587887 11.927127838134766
587863 8.892059326171875
587843 6.651878356933594
587774 3.7529468536376953
587761 26.484012603759766
587761 2.6788711547851562
587761 25.001049041748047
587761 1.09100341796875
587761 5.018949508666992
587761 3.5970211029052734
587718 34.35802459716797
587718 8.234024047851562
587711 6.8531036376953125
587711 13.190984725952148
587711 35.900115966796875
587708 30.681133270263672
587708 4.277944564819336
587701 5.439996719360352
587701 35.958051681518555
587701 24.04499053955078
587701 3.0319690704345703
587701 21.004915237426758
587696 8.143901824951172
587668 6.127119064331055
587650 3.0579566955566406
587644 28.193950653076172
587639 10.854005813598633
587630 1.5530586242675781
587630 3.0028820037841797
587622 1.7158985137939453
587607 0.19502639770507812
587570 25.125980377197266
587570 2.4869441986083984
587565 32.37605094909668
587505 26.927947998046875
587494 1.0008811950683594
587487 29.41417694091797
587464 17.782926559448242
587453 15.668153762817383
587453 21.326065063476562
587416 31.10814094543457
587416 30.755043029785156
587416 21.175146102905273
587416 7.69805908203125
587416 3.8018226623535156
587416 31.115055084228516
587416 1.7478466033935547
587416 28.99789810180664
587404 23.231983184814453
587404 15.924930572509766
587404 23.77796173095703
587394 4.127025604248047
587377 2.5229454040527344
587377 17.12799072265625
587377 11.803865432739258
587377 7.464885711669922
587349 0.9410381317138672
587307 3.376007080078125
587307 17.67706871032715
587300 2.774953842163086
587300 16.180038452148438
587285 0.4451274871826172
587285 19.81210708618164
587267 23.910999298095703
587212 9.96088981628418
587162 9.770870208740234
587143 5.018949508666992
587143 3.0460357666015625
587132 0.8740425109863281
587094 1.5180110931396484
587043 4.322052001953125
587009 10.927915573120117
587009 27.62913703918457
587003 1.5909671783447266
586989 3.6878585815429688
586937 6.150960922241211
586937 8.78596305847168
586895 3.9420127868652344
586868 4.729032516479492
586868 36.34190559387207
586868 2.6788711547851562
586839 2.972126007080078
586839 9.634017944335938
586802 4.185199737548828
586789 0.42700767517089844
586781 0.49495697021484375
586758 33.52189064025879
586758 14.12200927734375
586757 7.676124572753906
586757 0.7538795471191406
586749 7.426023483276367
586712 13.23390007019043
586712 28.01799774169922
586700 8.944988250732422
586678 2.4378299713134766
586678 3.6749839782714844
586672 30.259132385253906
586672 18.158912658691406
586621 5.0067901611328125
586621 18.182992935180664
586612 16.134023666381836
586603 12.644052505493164
586569 1.3508796691894531
586567 20.398855209350586
586555 2.3539066314697266
586481 36.11588478088379
586422 1.669168472290039
586415 1.4879703521728516
586415 21.452903747558594
586373 6.803989410400391
586373 30.47800064086914
586349 4.710912704467773
586349 34.687042236328125
586349 11.284112930297852
586349 8.656978607177734
586347 23.096084594726562
586347 1.912832260131836
586323 12.358903884887695
586299 27.450084686279297
586299 24.007081985473633
586299 38.69795799255371
586299 18.889904022216797
586299 23.465871810913086
586299 19.601106643676758
586299 17.36593246459961
586270 16.267776489257812
586264 5.967855453491211
586245 0.5908012390136719
586245 3.729104995727539
586245 3.052949905395508
586231 11.207103729248047
586231 5.922079086303711
586223 3.0760765075683594
586223 3.5109519958496094
586223 33.79702568054199
586221 23.294925689697266
586196 1.5740394592285156
586183 8.565902709960938
586169 8.471965789794922
586167 8.313894271850586
586167 27.354955673217773
586167 8.179903030395508
586138 7.394075393676758
586134 4.292011260986328
586127 16.071081161499023
586115 23.983001708984375
586115 1.2860298156738281
586115 5.074977874755859
586115 1.399993896484375
586104 5.492925643920898
586068 5.805015563964844
586068 3.4050941467285156
586046 5.602121353149414
585976 10.394096374511719
585937 7.941961288452148
585937 28.613805770874023
585937 1.222848892211914
585916 18.9058780670166
585916 34.27314758300781
585916 6.205081939697266
585916 34.37304496765137
585916 10.200977325439453
585916 14.256000518798828
585916 0.823974609375
585912 35.23087501525879
585884 7.392168045043945
585884 3.503084182739258
585857 1.3349056243896484
585839 30.707836151123047
585839 11.070013046264648
585839 35.64882278442383
585839 0.3910064697265625
585826 6.685972213745117
585826 2.7468204498291016
585790 2.1789073944091797
585786 12.382984161376953
585771 15.029191970825195
585752 3.3349990844726562
585733 18.570899963378906
585723 1.722097396850586
585723 29.301166534423828
585723 41.23091697692871
585717 3.949880599975586
585717 7.395029067993164
585717 2.7370452880859375
585686 4.528045654296875
585667 4.086017608642578
585667 23.13399314880371
585655 1.7108917236328125
585655 20.427942276000977
585655 1.3308525085449219
585617 23.901939392089844
585608 22.001028060913086
585608 0.5829334259033203
585598 1.2180805206298828
585566 4.952192306518555
585566 10.412931442260742
585566 4.10914421081543
585552 21.545886993408203
585552 0.09918212890625
585552 4.401922225952148
585552 22.299766540527344
585552 4.526853561401367
585552 26.552915573120117
585538 11.14511489868164
585515 16.898155212402344
585515 1.7189979553222656
585515 1.4998912811279297
585509 23.606061935424805
585509 0.4229545593261719
585501 2.2819042205810547
585497 9.406805038452148
585497 0.7500648498535156
585497 24.549007415771484
585497 8.11004638671875
585497 7.971048355102539
585448 14.662981033325195
585436 3.815889358520508
585436 13.927936553955078
585435 32.46188163757324
585435 21.770000457763672
585396 1.7800331115722656
585393 8.786916732788086
585381 11.707067489624023
585338 6.283998489379883
585338 5.502939224243164
585277 3.8299560546875
585277 1.5170574188232422
585277 3.0510425567626953
585253 6.399869918823242
585245 20.886898040771484
585245 1.6269683837890625
585213 5.573034286499023
585185 11.199951171875
585183 6.770849227905273
585183 3.5419464111328125
585157 20.5080509185791
585157 2.4268627166748047
585157 9.942054748535156
585157 2.749204635620117
585126 0.6439685821533203
585126 16.17908477783203
585126 22.90797233581543
585123 21.552085876464844
585123 0.9720325469970703
585048 4.686117172241211
584994 0.09393692016601562
584975 6.206035614013672
584973 28.956890106201172
584973 16.863107681274414
584958 7.75599479675293
584958 6.891012191772461
584946 31.83889389038086
584946 7.060050964355469
584946 30.39097785949707
584932 32.395124435424805
584932 29.491186141967773
584932 4.703044891357422
584877 1.1410713195800781
584877 1.1839866638183594
584850 37.600040435791016
584850 25.185108184814453
584825 27.493000030517578
584825 6.497859954833984
584807 1.3370513916015625
584788 21.078109741210938
584788 26.666879653930664
584781 6.283998489379883
584771 7.870197296142578
584720 0.6721019744873047
584720 3.5829544067382812
584720 24.111032485961914
584714 5.45501708984375
584698 4.208087921142578
584695 29.761075973510742
584695 30.504941940307617
584654 3.5669803619384766
584603 25.289058685302734
584587 22.809982299804688
584587 17.596006393432617
584587 10.505914688110352
584515 6.640911102294922
584515 0.8428096771240234
584515 18.94998550415039
584496 29.311180114746094
584496 0.5478858947753906
584448 6.863117218017578
584429 34.538984298706055
584390 17.586946487426758
584342 29.69217300415039
584342 33.94889831542969
584342 22.493839263916016
584342 9.55510139465332
584335 2.5930404663085938
584301 11.024951934814453
584296 15.27714729309082
584266 15.728950500488281
584218 31.82816505432129
584193 1.7330646514892578
584140 14.206171035766602
584110 19.711971282958984
584110 3.017902374267578
584110 5.986213684082031
584084 28.441905975341797
584084 4.60505485534668
584051 6.3991546630859375
584001 6.496906280517578
584001 2.605915069580078
583983 4.851102828979492
583983 1.4879703521728516
583983 2.035856246948242
583983 21.272897720336914
583983 9.25302505493164
583943 8.632183074951172
583943 9.81903076171875
583928 4.292011260986328
583928 6.502866744995117
583928 6.524085998535156
583925 5.127906799316406
583925 7.468938827514648
583914 1.641988754272461
583914 6.110906600952148
583903 31.579017639160156
583903 9.685993194580078
583887 14.95504379272461
583887 37.362098693847656
583859 2.279043197631836
583837 30.255794525146484
583831 9.158134460449219
583821 11.17706298828125
583821 34.48796272277832
583818 7.297992706298828
583808 15.639066696166992
583808 3.27301025390625
583808 10.764122009277344
583808 13.593912124633789
583808 7.877111434936523
583807 24.10578727722168
583803 2.4459362030029297
583796 22.357940673828125
583796 26.676177978515625
583771 2.927064895629883
583771 4.214048385620117
583770 3.8039684295654297
583770 3.6242008209228516
583741 33.81204605102539
583741 9.22393798828125
583741 2.6519298553466797
583740 22.67313003540039
583716 25.09307861328125
583712 19.877910614013672
583712 34.188032150268555
583696 30.64703941345215
583694 28.844118118286133
583694 5.214929580688477
583694 30.295848846435547
583677 26.898860931396484
583677 1.0120868682861328
583667 4.992961883544922
583587 0.057220458984375
583587 34.912109375
583587 30.685901641845703
583587 23.04697036743164
583577 4.051923751831055
583552 3.6389827728271484
583552 1.397848129272461
583552 5.769968032836914
583530 3.0660629272460938
583530 29.92987632751465
583530 1.0380744934082031
583522 20.851850509643555
583522 5.8269500732421875
583502 9.112119674682617
583455 35.59088706970215
583447 0.2529621124267578
583437 31.698942184448242
583437 18.03302764892578
583437 2.3360252380371094
583437 1.1551380157470703
583437 2.0568370819091797
583437 34.27696228027344
583409 2.615213394165039
583340 3.1909942626953125
583330 2.6509761810302734
583327 0.2830028533935547
583327 3.626108169555664
583294 25.542020797729492
583217 24.517059326171875
583217 3.4918785095214844
583192 11.889934539794922
583192 20.448923110961914
583175 24.295806884765625
583175 2.460956573486328
583115 30.189037322998047
583092 4.050970077514648
583092 3.1898021697998047
583092 14.648914337158203
583050 5.249977111816406
583000 26.861906051635742
583000 25.5129337310791
583000 6.933927536010742
583000 0.8389949798583984
583000 3.921031951904297
582976 32.9890251159668
582967 5.29789924621582
582945 1.4679431915283203
582945 4.988908767700195
582945 5.624055862426758
